100 95
61 17
50 41
16 38
9 34
97 69
70 12
72 23
51 100
80 90
57 19
89 29
92 87
18 36
79 100
67 81
97 24
98 2
14 72
37 27
40 3
58 87
28 43
22 100
70 25
83 49
12 52
80 21
38 34
56 71
20 78
90 82
88 97
62 30
75 78
100 6
54 46
59 64
35 49
57 3
84 40
72 65
83 32
36 25
56 26
75 24
18 37
21 81
50 44
66 22
82 74
44 53
14 31
9 16
68 40
89 53
15 43
46 7
1 95
13 15
76 84
45 86
9 77
5 22
20 4
17 89
48 71
97 10
20 86
55 94
60 57
84 41
8 17
29 85
64 63
27 99
73 53
39 5
4 31
32 26
71 69
42 95
56 91
55 98
62 7
93 52
45 94
97 31
1 74
96 39
51 47
40 33
77 54
28 63
58 13
11 48
