972 945
918 541
651 785
655 600
338 192
343 602
581 250
110 868
185 152
561 644
85 925
239 45
111 70
761 610
592 689
619 621
285 309
901 97
936 100
4 788
939 600
516 300
335 730
521 383
914 506
730 101
647 108
45 874
794 957
636 127
302 310
530 609
727 885
113 825
144 125
782 711
435 83
834 970
87 781
511 330
656 797
7 895
87 951
746 810
463 669
258 720
255 626
33 356
183 80
591 688
561 702
412 776
589 56
364 721
62 697
971 904
670 352
362 67
191 68
632 810
113 846
23 30
829 662
549 450
27 526
705 666
10 902
915 935
283 297
98 145
540 548
122 946
707 70
454 55
959 950
197 206
401 320
372 839
495 148
649 713
312 264
527 110
525 910
572 934
427 527
255 578
221 817
420 613
194 791
803 498
321 554
952 67
597 90
970 648
925 569
462 280
476 101
822 131
242 320
108 628
328 877
678 474
336 122
796 165
568 897
787 8
659 363
369 51
223 758
390 142
631 322
898 433
848 657
347 753
266 494
625 815
60 802
788 296
209 71
479 199
743 13
538 454
240 308
968 734
176 105
181 132
195 352
933 880
698 521
380 182
661 72
574 895
866 28
213 534
66 387
161 479
890 227
800 75
472 137
970 179
214 338
477 646
833 677
37 175
351 341
859 961
406 835
394 46
410 606
535 791
585 457
841 22
842 131
929 506
886 278
635 648
344 426
937 664
624 766
257 97
948 436
315 419
615 448
616 404
309 617
317 263
913 716
455 734
851 21
453 171
922 938
334 517
814 131
90 764
957 216
730 401
687 9
61 10
522 767
872 311
108 904
607 877
130 358
151 137
679 868
197 631
375 729
208 385
370 21
165 469
702 732
824 220
28 958
781 861
253 327
889 604
265 45
738 55
326 836
741 718
702 291
211 157
321 763
65 745
515 66
694 821
799 883
864 505
955 385
643 595
523 714
663 669
802 56
189 681
143 73
881 641
429 312
811 73
131 74
430 532
722 481
402 809
561 353
590 469
9 366
865 56
216 931
311 496
840 45
77 877
159 254
798 917
14 757
160 224
288 934
514 16
776 261
488 393
513 384
80 842
696 775
217 806
949 766
866 368
659 794
197 960
623 636
196 383
307 566
607 465
365 320
359 816
315 225
196 554
64 769
525 444
123 528
479 462
180 583
206 943
483 475
784 710
455 919
786 895
328 858
304 454
627 470
485 688
452 708
222 569
838 11
51 188
600 449
972 469
469 827
502 491
407 645
857 96
198 935
652 216
819 74
561 933
24 847
749 901
208 392
594 216
500 298
421 927
220 95
438 960
691 868
889 891
969 61
766 810
34 718
839 445
240 259
272 306
242 167
18 22
930 897
282 768
683 88
751 44
965 788
439 597
272 299
386 687
898 209
514 587
579 323
231 180
109 951
340 449
391 651
248 953
166 751
941 511
550 403
401 570
422 32
440 592
861 692
292 508
479 46
938 318
414 241
622 326
211 704
624 245
221 849
111 115
700 185
832 713
150 732
437 461
508 354
162 685
236 642
672 962
878 57
830 466
270 605
518 238
393 32
501 838
599 619
531 260
525 146
431 969
627 859
232 631
294 18
729 520
150 736
400 475
850 519
890 350
517 500
536 163
270 320
649 5
392 44
461 213
18 410
273 665
763 251
172 496
292 328
303 8
444 145
873 260
55 286
501 732
511 551
302 783
53 248
953 944
471 17
631 528
283 662
344 900
213 695
179 634
430 937
468 374
309 76
42 365
876 628
163 749
565 442
238 337
404 84
452 503
329 333
848 542
488 971
722 562
580 15
918 153
31 263
696 432
325 681
928 204
316 447
874 750
855 511
495 458
809 770
812 325
300 905
533 458
671 559
409 142
760 348
440 174
186 339
814 629
739 818
178 295
676 341
897 291
775 478
823 237
783 879
787 32
275 264
348 668
789 382
833 82
922 57
21 776
785 942
921 231
31 391
726 387
408 1
268 1
864 494
62 639
779 902
398 148
844 442
319 388
450 187
90 349
780 516
925 846
856 713
114 713
497 879
583 768
205 940
836 808
374 260
385 539
918 349
236 117
881 56
65 491
905 718
110 173
498 318
804 638
180 713
557 550
703 26
169 689
741 487
873 786
680 513
613 481
52 247
206 414
580 674
404 313
262 350
894 631
108 174
176 170
234 214
503 843
210 444
774 146
184 646
288 256
580 4
720 504
37 173
112 363
721 930
735 234
474 331
334 764
932 956
727 309
598 205
32 775
593 838
866 399
678 135
415 778
614 20
244 37
816 805
217 147
119 837
71 705
19 892
138 287
307 801
640 927
456 451
839 645
528 9
756 585
351 919
789 405
723 626
555 706
371 14
954 838
773 560
844 120
626 361
276 434
453 167
362 193
631 201
817 384
251 869
382 140
47 253
786 719
874 556
390 388
433 947
617 573
753 218
280 843
487 409
289 94
653 506
617 563
906 802
920 869
233 243
455 847
835 468
414 752
150 932
199 104
777 965
648 95
499 955
125 76
69 118
488 682
896 843
923 265
49 874
667 91
728 757
126 427
381 172
817 305
249 382
564 619
423 808
916 173
505 826
748 541
737 900
571 752
805 33
562 800
214 441
921 376
739 466
728 314
456 822
64 488
175 786
620 939
59 199
813 447
449 699
327 686
877 223
911 319
570 490
399 38
75 545
584 484
462 360
168 156
892 715
235 171
455 798
125 379
245 685
259 878
572 614
784 677
212 275
940 419
526 290
444 908
464 665
888 222
23 778
692 519
320 936
862 626
733 245
633 346
953 693
463 767
618 621
54 229
610 249
690 255
707 544
230 610
333 1
78 801
470 417
279 946
204 454
744 189
200 611
101 729
726 327
794 164
638 772
351 92
385 139
871 729
845 747
623 151
737 906
702 281
218 336
915 899
853 364
271 883
839 671
538 416
117 330
577 101
140 304
21 740
225 156
673 70
106 50
654 574
373 410
567 477
874 909
89 529
224 159
797 78
515 593
829 41
909 537
274 160
125 187
358 687
913 930
298 173
52 628
486 201
650 845
464 947
349 867
33 460
124 971
40 129
177 107
54 355
317 912
811 473
752 278
86 704
920 30
870 282
887 92
512 161
893 47
320 675
584 745
826 961
19 854
178 553
99 646
524 35
635 602
13 598
803 118
190 541
76 289
83 966
736 741
40 133
620 493
708 48
638 734
701 755
81 200
950 857
62 468
297 436
3 793
469 552
910 764
672 116
12 384
339 252
411 617
912 566
731 37
273 279
715 41
502 423
246 467
6 227
154 379
963 20
558 703
102 948
546 330
863 328
534 958
612 850
342 870
600 158
585 971
63 687
658 66
958 962
137 635
796 3
2 730
533 440
806 207
558 34
548 759
362 561
17 581
43 967
798 524
828 641
911 106
138 768
697 545
424 82
458 809
747 661
361 488
107 799
425 630
314 308
701 129
131 637
39 204
415 771
243 650
560 139
579 202
290 830
698 347
530 447
835 29
945 401
80 134
711 966
253 906
742 794
580 447
279 757
459 119
910 967
714 964
424 274
667 389
420 310
497 188
469 603
927 897
852 697
594 843
250 381
620 396
402 860
875 540
812 301
683 155
21 140
717 915
443 593
967 510
712 910
542 905
81 301
528 694
141 192
70 323
173 615
194 484
884 695
509 393
475 555
625 967
648 575
524 54
964 560
925 511
921 807
624 237
296 596
712 725
45 699
666 779
246 870
625 754
413 900
372 820
129 805
887 331
93 537
136 211
612 345
299 233
119 490
135 316
953 701
937 410
210 128
670 611
762 445
47 475
489 637
109 872
576 472
404 280
473 306
211 267
854 195
184 482
168 656
802 238
166 724
959 316
924 796
643 261
782 26
535 553
132 699
36 462
96 371
710 266
280 765
915 795
203 392
256 709
447 226
149 843
345 744
431 818
843 328
276 455
506 907
635 903
215 877
111 291
604 471
330 601
185 480
110 432
787 228
203 50
633 332
252 743
245 267
774 684
394 293
547 448
25 501
586 827
245 809
506 89
556 790
918 52
485 68
402 357
418 515
543 709
668 607
445 444
587 657
214 671
461 792
284 844
619 137
699 492
148 277
227 565
58 413
103 593
212 72
835 1
40 882
591 852
367 513
79 237
659 477
271 724
295 536
930 397
926 601
489 660
548 488
147 143
834 588
289 831
219 154
207 663
377 815
667 382
639 181
269 769
232 630
395 254
907 88
324 564
507 191
84 582
479 775
121 925
560 384
608 457
543 435
561 469
253 378
838 428
446 170
