982 945
561 353
749 901
485 688
732 702
643 261
173 916
505 864
825 113
747 661
391 31
812 325
25 501
720 258
180 583
867 349
376 921
915 717
636 623
30 920
92 887
897 568
384 560
967 910
451 456
753 218
861 781
146 525
821 694
808 423
838 428
197 631
285 309
181 639
50 203
362 561
593 443
487 409
667 382
624 245
899 915
111 70
336 122
967 510
398 148
214 671
392 208
419 940
245 809
524 798
809 402
51 369
503 452
913 716
60 802
822 456
142 390
288 934
714 964
395 254
196 554
455 798
267 211
80 134
20 614
270 320
315 225
217 147
253 378
945 401
409 142
607 668
248 953
392 44
202 579
971 585
970 179
612 850
454 304
264 275
631 201
598 13
210 444
666 705
328 877
41 829
496 311
433 898
605 270
98 145
784 677
404 616
318 938
796 165
299 272
931 216
34 718
591 852
738 55
37 175
449 600
822 131
712 910
72 212
22 841
9 528
21 776
310 420
93 537
607 465
197 960
912 566
76 125
454 204
229 54
711 966
193 362
173 110
859 627
918 349
513 367
404 313
280 462
627 470
617 563
843 280
933 561
256 288
61 10
544 707
593 838
574 895
238 337
868 691
647 108
816 359
569 222
505 826
59 199
122 946
280 765
531 260
326 622
776 412
804 638
810 766
449 699
965 777
78 801
425 630
940 205
381 250
157 211
31 263
320 936
776 261
375 729
426 344
469 603
527 427
538 454
934 572
435 83
802 238
872 109
495 458
812 301
628 52
637 131
711 782
751 44
12 384
688 591
222 888
635 137
534 958
253 327
633 332
930 913
970 648
220 824
240 259
675 320
129 40
205 598
526 27
255 626
719 786
921 807
454 55
384 513
930 397
118 803
957 216
757 728
704 86
649 713
484 194
669 663
835 29
17 581
418 515
382 789
87 781
54 524
659 794
146 774
624 766
641 881
56 802
410 18
826 961
151 623
695 213
403 550
789 405
95 648
21 140
3 796
249 610
683 155
832 713
919 455
271 883
637 489
701 953
5 649
262 350
488 64
436 948
734 968
121 925
871 729
683 88
318 498
515 66
909 874
865 56
877 77
28 958
319 388
247 52
207 806
74 819
817 305
469 552
702 281
352 195
815 377
101 476
889 891
775 32
340 449
214 338
477 567
457 608
173 615
828 641
918 52
45 239
440 592
905 300
8 787
171 235
699 492
124 971
297 283
617 573
785 651
972 469
783 302
214 441
274 160
106 911
231 921
7 895
279 273
587 514
216 594
708 48
329 333
331 887
72 661
864 494
150 732
469 561
163 749
678 135
925 511
14 371
839 645
464 665
204 928
50 106
951 87
450 187
762 445
279 946
805 816
160 224
213 534
530 609
137 472
952 67
538 416
284 844
918 541
619 599
656 797
553 178
237 79
479 161
185 480
488 971
528 123
960 438
737 906
252 339
90 597
479 775
550 557
198 935
499 955
129 805
138 768
89 506
379 154
890 350
771 415
88 907
545 697
105 176
271 724
26 782
430 532
479 46
620 939
800 562
232 630
414 241
581 250
34 558
515 593
938 922
166 751
468 374
617 411
80 842
471 17
374 260
778 23
133 40
100 936
900 413
914 506
317 912
642 236
407 645
401 730
896 843
439 597
348 760
298 500
874 45
292 328
346 633
97 901
70 707
741 736
697 852
432 696
38 399
483 475
282 870
767 463
326 836
752 414
660 489
787 32
761 610
328 863
481 722
47 475
129 701
276 455
22 18
533 458
37 731
453 167
872 311
36 462
488 361
884 695
555 706
880 933
63 687
870 246
666 779
564 619
862 626
932 956
312 264
772 638
817 221
757 279
71 209
843 594
558 703
362 67
381 172
365 42
953 944
167 242
402 357
213 461
827 586
753 347
310 302
24 847
560 773
419 315
472 576
245 267
958 962
541 190
817 384
212 275
183 80
648 575
470 417
582 84
51 188
793 3
309 617
535 553
234 735
14 757
488 682
856 713
21 740
101 729
356 33
57 878
246 467
621 619
140 304
116 672
614 572
40 882
273 665
81 301
85 925
879 497
937 430
570 401
68 191
484 584
211 136
870 342
176 170
741 487
421 927
102 948
838 501
1 835
523 714
192 338
13 743
681 325
763 251
192 141
963 20
140 382
58 413
277 148
347 698
829 662
361 626
900 737
266 494
404 84
526 290
35 524
152 185
625 754
848 542
431 818
833 82
904 971
702 291
107 799
16 514
448 615
879 783
895 786
508 354
216 652
908 444
838 954
512 161
211 704
814 131
457 585
47 893
808 836
70 323
710 266
961 859
444 525
131 842
53 248
330 546
613 420
333 1
570 490
810 632
306 272
1 268
635 648
560 964
672 962
65 745
607 877
179 634
15 580
564 324
788 296
508 292
56 881
877 223
835 468
905 718
709 256
713 114
592 689
473 811
145 444
700 185
162 685
970 834
490 119
206 943
897 291
679 868
590 469
111 291
727 885
506 929
150 932
474 331
128 210
26 703
699 45
307 801
47 253
496 172
787 228
452 708
601 330
833 677
82 424
875 540
673 70
2 730
187 125
110 432
925 569
667 389
748 541
705 71
775 696
687 386
909 537
911 319
692 519
624 237
500 517
351 92
687 358
690 255
404 280
488 393
240 308
218 336
393 509
444 445
178 295
475 555
358 130
965 788
76 289
119 837
657 848
625 815
345 744
314 728
770 809
604 889
689 169
138 287
195 854
670 611
309 727
278 886
730 335
91 667
265 923
562 722
199 104
8 303
794 742
600 939
463 669
668 348
800 75
18 294
445 839
4 788
619 137
540 548
545 75
243 233
479 199
907 506
796 924
883 799
269 769
937 410
846 113
321 763
391 651
873 786
554 321
115 111
794 957
536 163
6 227
217 806
431 969
286 55
493 620
94 289
254 159
507 191
394 293
74 131
620 396
232 631
697 62
135 316
462 479
345 612
638 734
440 533
830 290
206 197
462 360
626 723
662 283
309 76
942 785
589 56
334 764
201 486
257 97
768 583
11 838
320 401
327 686
469 827
469 165
387 66
117 236
298 173
593 103
628 108
606 410
207 663
447 580
574 654
171 453
810 746
587 657
475 400
276 434
170 446
795 915
244 37
156 168
543 709
73 143
548 759
349 90
674 580
259 878
930 897
640 927
805 33
424 274
78 797
525 910
818 739
844 442
967 43
604 471
857 96
844 120
440 174
791 194
101 577
823 237
435 543
774 684
477 646
21 370
743 252
243 650
459 119
585 756
368 866
371 96
392 203
720 504
664 937
726 327
780 516
233 299
455 847
840 45
955 385
180 713
521 383
174 108
385 539
535 791
775 478
99 646
845 650
488 548
503 843
511 330
33 460
530 447
579 323
156 225
251 869
595 643
699 132
602 343
265 45
768 282
730 101
601 926
295 536
363 112
159 224
927 897
561 702
153 918
831 289
877 215
19 854
820 372
873 260
890 227
681 189
226 447
148 495
372 839
90 764
588 834
46 394
906 802
910 764
320 365
385 139
755 701
715 892
62 639
466 739
629 814
846 925
125 379
903 635
866 28
676 341
561 644
858 328
811 73
328 843
752 571
732 501
442 565
671 839
549 450
556 874
314 308
733 245
752 278
10 902
745 584
949 766
482 184
511 855
137 151
920 869
750 874
786 175
658 66
37 173
126 427
513 680
861 692
600 655
468 62
81 200
915 935
670 352
208 385
613 481
164 794
423 502
154 219
721 364
330 117
635 602
518 238
542 905
741 718
230 610
429 312
712 725
851 21
366 9
464 947
221 849
168 656
373 410
388 390
339 186
497 188
231 180
458 809
363 659
393 32
351 919
57 922
65 491
529 89
39 204
698 521
506 653
132 181
399 866
906 253
143 147
522 767
415 778
874 49
306 473
747 845
249 382
32 422
436 297
461 792
769 64
898 209
758 223
227 565
511 941
951 109
724 166
721 930
110 868
150 736
108 904
300 516
149 843
4 580
402 860
892 19
364 853
631 322
351 341
83 966
790 556
437 461
559 671
784 710
41 715
334 517
560 139
511 551
950 857
383 196
959 316
9 687
611 200
618 621
894 631
744 189
255 578
694 528
447 316
344 900
798 917
625 967
600 158
355 54
850 519
734 455
502 491
566 307
646 184
729 520
950 959
628 876
636 127
685 245
23 30
902 779
263 317
498 803
631 528
107 177
693 953
969 61
214 234
95 220
68 485
118 69
448 547
527 110
387 726
947 433
813 447
408 1
835 406
596 296
242 320
144 125
466 830
380 182
659 477
206 414
474 678
