1074 1827
234 145
247 538
445 54
661 429
913 586
332 633
310 783
887 684
108 30
302 497
156 325
11 524
827 552
231 1036
657 140
506 1073
586 115
842 309
390 409
1047 453
517 647
382 560
787 32
534 224
91 643
358 968
885 266
239 466
830 227
387 103
1045 916
502 484
288 1010
434 772
245 381
857 308
418 693
685 325
803 857
143 73
866 515
552 309
349 334
410 18
534 829
60 604
836 254
926 755
868 90
1061 460
281 989
159 183
433 279
332 940
362 3
971 57
987 986
844 993
924 943
761 527
393 945
276 8
7 446
895 466
599 85
1040 1024
1000 179
613 722
386 425
347 1036
980 788
982 214
576 176
902 305
828 337
1034 776
327 23
294 986
503 116
784 1060
497 581
545 75
294 131
716 883
72 513
1067 867
64 509
597 876
804 772
460 248
476 630
579 827
337 353
1029 157
92 59
769 8
286 789
74 483
263 1046
105 887
430 986
128 521
815 669
885 129
1066 12
996 564
476 871
679 427
226 206
485 697
823 1062
481 966
829 515
789 144
623 855
261 179
577 119
899 754
241 766
621 1007
543 418
1044 227
900 1047
1043 82
350 651
979 628
155 529
296 62
326 622
142 363
88 1004
482 332
102 521
541 92
778 456
101 1015
1050 1046
481 570
371 757
961 196
732 387
323 937
863 298
857 1048
495 909
235 1071
1038 413
461 437
719 979
804 148
564 1007
740 389
814 763
942 890
1020 86
170 1032
5 1042
100 970
59 313
696 602
507 12
637 1057
89 386
265 278
645 839
964 384
819 1063
111 291
663 815
216 46
168 1061
58 990
993 684
223 374
895 1010
1056 408
955 693
142 718
204 174
763 554
297 206
482 866
321 23
279 698
950 857
994 249
250 872
326 910
214 774
619 95
127 903
1032 614
11 1026
126 739
801 612
298 266
41 481
458 989
396 890
352 670
957 1043
481 146
508 354
726 589
476 837
675 401
251 138
760 1020
753 813
762 320
657 1022
695 1063
118 606
292 594
415 763
475 238
127 602
559 839
546 684
592 106
1038 315
451 134
538 602
1002 540
1051 890
343 127
936 674
235 1035
755 741
999 976
1069 156
471 297
875 540
298 1019
869 754
281 439
454 780
202 475
682 626
201 687
676 983
617 819
304 197
410 1041
150 387
442 227
516 16
869 920
888 234
496 482
390 703
967 326
658 428
460 870
748 688
408 1057
1053 191
926 642
553 679
925 621
352 933
62 49
439 375
979 715
651 942
904 663
52 308
846 925
397 240
512 451
847 355
762 407
877 199
340 825
961 859
710 334
138 287
59 138
144 549
503 406
664 606
820 170
396 909
266 505
57 684
188 809
180 427
1028 919
746 415
150 129
972 913
225 804
875 578
881 558
474 678
989 379
831 563
688 851
861 686
382 776
26 409
558 614
435 963
778 223
323 403
701 774
300 174
210 706
500 1057
68 688
38 822
285 844
139 634
540 759
267 211
797 1020
773 680
148 612
961 135
863 1058
128 826
274 310
420 188
445 839
437 828
972 346
882 755
482 381
808 744
145 619
49 507
1015 303
717 813
694 700
480 185
337 154
917 387
856 12
425 821
316 898
105 65
565 873
945 773
431 830
599 576
484 566
1003 269
455 428
751 166
142 547
877 887
664 330
249 389
879 706
569 955
799 913
418 387
927 515
345 812
216 393
284 754
898 665
977 684
29 347
917 458
638 283
178 936
912 422
816 548
976 269
327 176
227 500
363 388
65 836
909 492
377 43
347 698
699 132
383 969
355 387
159 620
456 627
375 64
817 1051
652 216
134 824
31 903
45 718
798 4
732 166
266 160
535 484
171 2
91 254
242 534
862 255
973 383
156 184
708 724
256 435
487 142
604 277
853 397
513 714
746 264
664 373
250 568
761 851
605 729
356 53
167 242
304 153
834 24
935 1012
937 593
219 750
322 659
560 708
31 60
499 970
1034 100
681 177
991 9
572 20
602 824
920 277
768 927
937 443
1065 244
767 503
380 1025
937 532
516 1055
1005 576
319 911
144 379
406 835
76 1035
93 940
53 231
311 383
615 664
638 804
1066 208
650 306
313 508
214 944
449 923
414 634
583 1020
692 343
1072 676
1066 927
379 573
12 716
1031 333
46 360
897 762
707 291
780 239
202 158
41 215
98 337
5 856
685 770
954 732
598 252
396 707
276 983
29 406
232 222
156 799
676 137
709 558
772 769
509 295
187 782
1031 974
473 412
559 805
133 882
774 1018
872 604
1039 482
460 328
688 376
736 341
440 329
450 831
180 73
339 557
921 182
351 276
1014 759
596 10
900 238
520 871
240 800
5 853
1056 955
977 192
967 97
865 641
691 965
313 606
673 785
958 691
693 53
325 611
394 161
173 742
2 96
914 386
251 869
877 299
159 213
271 660
212 295
439 514
195 854
779 507
640 115
296 530
881 344
683 164
268 1031
900 902
207 483
553 485
956 214
596 193
132 1020
359 234
95 1051
1067 608
347 218
281 640
648 575
669 29
163 536
68 65
602 588
384 427
247 736
500 427
765 743
96 857
584 484
180 168
331 474
381 471
1052 450
1049 63
584 1031
938 318
807 385
475 1038
580 502
964 549
452 46
222 582
533 860
469 1030
646 297
521 156
395 719
435 390
29 164
674 229
813 499
550 871
872 222
456 80
830 650
363 99
414 756
374 408
530 965
748 873
950 766
511 121
846 169
906 1001
165 927
118 504
612 997
842 399
792 38
203 166
328 77
929 506
810 627
361 192
624 252
1006 73
169 817
1033 1073
630 132
748 52
837 365
1071 745
849 584
495 685
460 635
624 188
598 205
1052 155
155 1062
659 918
1007 151
805 585
493 814
201 991
946 947
893 109
488 198
600 670
330 511
233 73
953 565
801 1001
639 379
581 861
163 791
182 689
279 935
680 367
992 589
32 659
411 343
801 116
742 916
19 972
909 939
1039 162
1009 108
107 688
760 293
996 237
536 535
692 172
692 450
848 153
809 392
23 415
320 675
392 44
654 458
951 369
590 177
792 125
947 1058
362 899
953 459
546 169
582 896
521 570
700 535
71 981
998 1046
2 988
199 48
8 228
395 886
402 770
1002 696
1069 480
721 796
101 675
531 333
1021 239
911 44
1021 200
51 188
531 158
154 144
567 1029
73 811
239 750
905 780
92 356
770 82
642 486
795 530
523 384
744 958
556 265
93 472
319 388
977 762
908 990
84 987
921 638
1 835
88 241
767 326
206 976
222 20
812 233
360 328
322 1073
123 241
327 949
278 825
695 399
749 58
538 21
1038 881
1027 879
397 286
718 99
1049 571
655 114
702 70
789 504
272 143
231 505
862 682
315 1036
467 376
1063 660
945 320
7 1017
236 169
43 522
576 1032
207 712
584 70
577 91
440 1071
485 738
705 33
1029 78
340 181
129 532
799 804
252 186
754 576
1008 756
532 1037
17 1000
28 833
332 186
926 855
326 750
168 224
152 474
806 980
635 720
462 466
949 187
177 453
166 688
854 19
771 973
183 131
39 401
613 912
84 594
681 187
457 235
981 715
414 927
222 855
425 843
922 57
448 427
864 807
187 411
600 653
1068 271
552 654
226 596
112 175
65 295
178 745
962 461
37 112
245 800
585 258
815 687
696 266
764 788
302 673
609 393
494 1020
829 323
1072 861
616 760
117 546
423 502
874 187
372 982
760 415
828 407
191 68
331 1017
174 951
928 656
562 800
605 242
426 475
674 552
417 993
803 1067
222 825
299 970
223 877
283 297
112 646
711 917
168 872
197 599
445 525
510 1021
74 540
280 1033
602 636
44 271
1007 262
685 237
82 784
353 544
306 1028
453 976
725 217
789 542
1043 632
971 530
792 350
787 548
276 772
253 87
855 888
838 1042
204 667
114 687
656 797
711 142
185 1049
927 1030
732 932
30 343
237 733
675 219
547 448
1062 515
684 735
691 734
390 813
323 655
806 203
1052 262
437 192
677 183
500 979
221 513
268 374
1058 164
543 435
82 189
553 680
760 36
552 779
644 3
943 969
622 286
967 625
832 921
900 862
728 259
540 636
808 604
368 1058
312 143
709 666
580 447
479 1004
142 390
591 545
342 539
478 328
708 878
616 456
919 35
935 795
49 589
270 401
208 537
863 158
695 884
704 533
737 590
356 246
899 530
100 235
407 441
138 499
445 654
99 1037
411 177
229 875
61 705
654 1028
1025 320
837 2
90 615
432 849
741 601
474 135
184 114
840 449
650 173
692 781
466 902
338 774
199 1057
143 147
46 84
189 433
362 930
266 710
173 138
757 349
491 484
20 542
884 456
182 116
218 665
888 113
24 989
16 6
938 6
285 683
253 378
387 658
388 950
191 507
263 469
87 519
745 344
587 174
196 973
224 784
108 671
877 668
1072 619
996 904
302 613
661 4
780 581
1073 130
735 858
396 648
75 32
234 609
990 286
117 925
1038 518
156 970
1037 140
163 553
215 636
424 159
967 521
233 275
776 990
903 543
126 979
67 544
373 886
177 914
411 901
508 2
138 182
737 468
863 1011
373 430
924 853
1011 779
1048 66
864 784
849 835
181 188
609 596
180 460
113 197
398 357
553 1057
265 424
206 974
1007 1048
874 438
377 1022
861 411
1004 526
301 797
22 1041
694 382
1060 469
606 233
566 500
552 149
1038 992
194 535
436 291
856 568
566 307
181 325
427 348
834 32
170 383
503 863
790 239
332 621
43 625
206 197
972 853
891 581
565 560
792 131
203 50
829 662
297 129
634 459
840 505
55 235
493 1067
446 170
305 680
202 779
894 888
430 673
925 760
596 940
558 409
873 1011
324 955
565 531
18 773
153 247
1027 420
558 611
257 726
1016 32
369 747
189 416
132 388
785 651
1058 785
436 990
291 669
453 119
895 167
68 485
783 1003
100 453
664 377
743 332
648 635
142 220
256 572
833 784
728 118
713 460
457 1008
590 721
402 262
633 346
620 265
942 826
886 366
805 698
71 705
878 672
1012 67
1014 860
646 731
428 864
350 27
504 434
105 784
318 653
831 1068
1008 32
327 261
264 461
619 623
1071 380
110 574
206 229
598 846
690 303
703 689
708 561
975 505
493 197
551 58
76 489
796 827
667 990
59 649
952 924
372 995
46 404
1010 486
211 752
881 50
957 199
432 1037
427 169
766 1003
789 948
389 928
530 813
814 368
187 727
74 629
162 211
644 950
154 855
591 68
674 753
25 937
674 1038
859 993
289 223
174 310
541 803
65 972
662 352
590 99
416 740
236 902
438 960
24 638
332 475
1061 239
549 146
662 344
461 444
271 106
538 439
841 576
885 565
701 33
27 951
1060 70
170 212
304 833
1017 383
109 861
357 363
363 1019
273 612
950 240
728 349
317 847
163 472
597 104
417 600
89 181
496 519
1018 192
459 863
766 431
421 827
170 778
230 610
483 706
727 759
362 1030
934 435
924 15
799 319
281 1022
297 643
718 885
828 97
449 239
953 821
885 817
54 580
31 656
401 730
55 956
628 642
630 176
650 579
116 1063
449 493
212 1025
156 595
575 220
527 1040
863 277
438 1002
314 953
509 124
846 551
738 761
292 765
272 96
579 229
168 1019
46 394
615 363
555 900
5 1036
131 211
186 35
1034 249
991 1000
15 2
120 151
498 757
1016 415
386 683
1046 656
1009 259
793 165
679 595
107 716
997 592
279 521
302 367
760 582
852 565
6 458
706 238
216 567
958 237
637 695
541 649
245 1064
712 725
856 376
71 969
689 440
225 168
134 962
633 483
225 1015
419 1004
293 887
736 150
250 798
966 703
987 686
677 424
728 96
254 395
30 23
786 870
701 301
880 178
715 707
946 347
617 357
654 1002
631 288
168 292
1000 519
587 103
72 1006
373 937
366 943
210 965
477 130
956 293
452 147
859 943
675 335
356 282
313 931
505 864
956 380
1021 286
911 412
681 315
118 154
490 605
424 541
506 976
438 366
863 1063
839 800
510 967
859 149
808 65
780 1047
1013 1026
776 6
524 228
337 275
510 815
185 268
758 348
109 990
1036 622
378 405
524 798
71 843
665 375
989 814
1039 121
41 662
96 1064
753 103
956 1069
381 994
755 736
787 608
259 311
397 644
364 193
798 947
864 274
279 118
179 634
286 610
361 488
425 241
835 700
473 306
343 732
883 215
698 432
671 645
6 711
775 754
194 122
322 821
116 489
861 519
315 225
472 6
782 83
954 262
633 339
522 212
1050 136
692 519
562 310
202 115
82 254
779 902
1002 444
724 24
298 123
434 720
941 846
643 470
618 619
643 39
797 317
119 936
166 1068
144 831
104 360
778 817
918 498
407 338
771 277
1029 94
18 1029
634 1029
979 510
560 742
850 189
971 349
770 949
798 804
224 253
1072 1007
803 1050
638 728
722 1027
480 862
905 153
1 59
752 628
601 330
430 580
566 391
795 198
287 964
522 463
937 838
336 273
54 1026
16 758
781 482
439 904
397 492
42 184
700 886
48 909
178 295
181 1024
861 282
706 505
193 687
439 807
94 831
90 95
373 60
715 662
585 1034
680 499
410 396
595 1034
500 1010
1039 1007
423 797
88 209
12 401
267 86
770 786
341 904
784 677
779 382
418 109
904 657
972 353
567 112
254 643
762 1059
288 34
32 770
338 145
468 482
1016 383
790 920
244 173
886 315
739 653
792 116
661 223
262 442
681 81
430 501
498 156
987 337
634 270
149 758
169 511
86 632
611 200
987 641
162 79
147 272
976 27
165 796
691 951
264 1028
1063 906
792 593
959 474
926 991
382 412
57 950
889 56
535 794
122 753
515 849
1062 821
19 892
963 843
508 505
386 907
145 224
212 791
115 673
499 352
358 727
639 158
856 138
813 915
626 509
436 152
816 133
635 290
359 221
1043 895
248 693
384 714
355 331
372 550
277 746
347 536
369 933
948 791
3 568
942 470
346 419
729 709
859 320
30 827
868 369
632 322
779 666
511 751
607 503
487 741
104 875
1032 908
1000 812
524 64
813 842
785 769
962 117
523 728
1042 1070
603 893
861 381
985 498
727 738
1051 1013
336 347
991 351
1026 150
981 324
210 1013
48 700
162 823
680 645
901 413
356 768
752 222
311 692
368 116
147 255
632 357
353 397
451 814
987 58
182 978
204 424
309 193
742 646
437 459
929 825
32 626
705 456
1025 779
765 465
403 1054
461 443
446 105
939 239
239 181
528 197
866 627
577 580
794 130
272 845
174 439
622 343
432 709
627 14
56 60
500 430
460 598
238 641
1056 467
503 215
50 159
317 265
458 51
472 1072
985 375
5 368
290 446
374 152
402 960
232 1049
191 268
16 439
35 862
587 193
539 450
6 942
139 1045
47 15
512 452
872 679
491 254
938 57
1057 293
1053 434
138 342
932 973
528 837
1050 267
629 705
233 661
977 1055
926 979
655 719
539 596
98 774
487 576
1031 329
289 187
1022 633
231 1000
547 574
1050 860
1034 136
442 34
960 206
40 372
593 1026
94 521
802 471
400 592
602 594
976 551
581 1023
1008 422
574 971
218 808
744 681
824 324
995 301
667 398
621 497
1033 621
260 333
990 877
604 889
653 746
782 878
375 936
1071 889
132 874
837 375
464 665
570 1015
482 93
582 858
187 78
592 1032
455 276
347 753
1068 623
157 209
334 190
875 380
74 399
69 259
620 521
941 569
1004 227
364 827
1044 267
1058 757
904 20
746 783
844 890
526 779
990 370
238 1019
306 243
235 704
721 938
665 789
141 145
852 633
708 600
387 229
908 957
522 359
1068 463
180 583
338 243
662 892
471 527
343 769
731 384
885 66
449 265
740 538
768 649
465 199
523 589
1070 669
472 737
442 120
872 781
720 735
712 1015
738 990
403 968
835 793
115 177
14 190
537 213
877 328
55 908
582 931
156 719
760 46
989 360
307 912
130 658
494 228
1005 405
441 805
897 165
537 939
567 110
801 378
631 113
26 782
832 356
747 258
81 611
793 603
572 1022
520 580
989 607
242 730
289 285
280 10
1032 494
551 929
432 786
253 958
852 784
880 544
728 305
4 871
654 210
103 35
643 610
236 881
807 376
301 812
600 561
444 146
705 431
10 739
491 710
174 542
716 853
153 174
189 812
970 13
197 694
307 1046
303 962
638 676
487 1053
135 316
706 512
342 845
97 121
766 51
1026 491
530 777
47 653
517 597
231 827
690 759
108 230
890 216
705 389
241 605
301 81
718 34
75 852
666 705
214 816
1013 254
999 535
666 10
612 628
651 227
906 872
975 308
712 377
936 321
473 143
235 557
742 363
23 776
596 965
1006 984
1057 564
712 5
303 723
607 755
573 765
937 268
810 600
876 673
197 166
122 209
468 634
267 234
835 333
619 988
734 387
346 75
1032 764
800 722
322 755
716 1018
295 536
527 175
51 1015
857 371
980 326
343 439
990 444
493 516
109 33
111 702
411 460
984 177
188 643
544 547
158 239
436 597
779 818
