1073 1827
628 752
547 574
192 361
1005 576
239 750
115 202
430 500
521 102
144 154
390 435
417 993
92 59
332 633
29 164
828 97
159 620
746 415
183 131
179 261
647 517
940 93
686 861
819 1063
419 346
434 1053
877 199
1051 890
538 602
1026 491
893 603
267 234
466 902
112 646
761 851
82 189
938 318
1027 722
58 749
1029 157
861 519
902 779
156 970
216 567
113 631
840 505
511 330
324 955
188 181
266 885
681 315
222 752
20 904
411 460
269 976
49 507
316 898
587 174
187 681
970 499
190 334
362 899
634 414
558 709
680 773
620 265
567 112
552 149
611 558
111 291
685 770
501 430
596 940
439 281
351 276
432 698
32 770
376 467
965 530
474 678
446 170
233 661
10 666
700 48
231 505
397 286
332 186
1066 12
319 799
867 1067
900 1047
393 216
326 910
582 931
786 870
673 785
708 878
972 853
741 601
890 216
1 835
906 1001
716 853
431 766
73 143
1017 331
1032 576
233 73
258 747
979 926
239 1061
1037 532
783 1003
54 445
259 311
329 1031
94 521
356 832
743 332
167 895
96 1064
362 3
589 992
505 975
953 821
33 701
153 848
883 716
458 917
103 753
475 1038
384 523
969 71
817 885
980 806
583 180
772 804
174 439
677 424
143 473
760 293
1034 249
42 184
32 659
863 503
1035 235
93 482
631 288
798 947
906 872
728 305
1042 5
194 535
503 767
866 627
705 71
661 429
660 1063
791 163
674 753
945 773
140 657
130 658
680 305
370 990
766 241
754 899
751 166
584 484
491 484
585 1034
510 815
310 174
509 295
200 1021
947 1058
786 432
403 1054
464 665
435 543
879 706
335 675
584 849
573 379
498 918
378 801
861 411
849 835
943 859
272 143
1053 487
381 861
991 1000
617 819
728 259
353 337
691 951
1067 493
953 459
539 596
48 909
254 82
957 199
705 666
387 103
422 1008
1018 716
472 6
1020 132
308 52
120 151
646 297
119 453
1006 72
766 51
664 377
610 286
203 166
41 215
8 276
852 784
289 223
958 253
729 709
784 224
972 65
986 430
275 233
967 521
326 980
450 1052
386 425
367 302
450 831
1047 780
759 540
23 30
805 698
264 746
347 29
152 436
762 407
993 684
847 355
979 715
808 604
828 437
53 693
1050 1046
116 489
932 732
168 224
24 724
782 83
990 58
625 967
972 346
425 241
552 309
1028 306
893 109
180 427
1021 510
937 593
657 1022
444 461
313 931
804 148
920 277
323 403
325 611
983 676
590 177
907 386
751 511
1029 634
971 57
1014 759
1030 362
109 418
378 253
744 681
472 1072
325 181
609 393
168 1019
411 187
979 719
1052 155
159 213
701 301
888 113
529 155
552 827
772 769
887 877
114 655
129 150
205 598
1058 368
1039 121
470 942
809 392
169 846
352 499
789 542
3 644
800 562
30 827
982 372
134 824
584 1031
989 607
904 657
689 182
792 593
680 499
483 207
877 668
691 965
683 164
1057 293
969 943
262 442
917 387
426 475
220 142
599 576
650 579
707 715
731 384
50 881
887 684
729 605
388 950
638 676
381 482
1010 500
1020 760
214 816
635 460
183 677
956 293
795 935
694 197
905 780
156 184
1061 168
524 798
580 447
849 432
696 1002
355 331
846 598
695 637
597 104
402 262
762 1059
427 384
813 753
178 880
538 21
235 55
101 1015
363 357
889 56
544 67
169 817
108 30
546 684
238 1019
59 1
349 971
466 239
85 599
512 451
577 580
589 523
726 257
390 703
1009 108
294 986
4 661
507 191
1043 895
639 158
1033 621
827 364
592 400
235 1071
863 459
966 703
1062 515
738 727
218 347
303 962
88 209
607 755
260 333
81 681
227 830
600 708
206 226
494 228
753 347
204 424
1031 333
1029 78
633 1022
1019 298
138 856
1046 307
310 562
503 607
383 1017
346 75
239 780
996 904
320 945
24 638
545 75
114 687
913 586
46 216
651 350
323 937
64 509
318 653
18 1029
590 721
117 546
131 211
691 734
406 29
991 201
337 98
382 779
336 347
347 1036
491 710
219 675
820 170
957 1043
165 796
527 1040
192 1018
65 808
594 602
760 415
641 865
397 240
732 954
877 299
793 603
266 298
16 439
761 738
506 929
374 152
1015 225
298 863
829 662
648 396
581 891
493 516
322 659
252 186
458 6
244 1065
574 110
995 372
202 475
455 276
401 730
332 482
24 989
998 1046
796 721
813 530
1047 453
349 334
116 368
338 243
815 663
1010 486
861 282
1026 150
375 837
75 852
218 808
411 177
459 437
774 338
266 710
385 807
693 248
949 770
253 224
188 420
904 341
781 872
137 676
319 911
1072 619
635 720
725 217
453 177
375 665
967 326
182 978
1013 1026
511 121
323 655
315 886
178 295
679 427
79 162
353 972
936 674
716 107
863 1063
1038 992
515 866
1041 410
801 1001
187 289
461 437
664 373
914 386
813 390
579 827
1007 1048
372 40
435 256
834 32
136 1050
650 306
793 165
142 390
519 496
456 705
1030 469
706 512
889 604
1015 51
750 326
606 313
669 29
741 487
565 560
972 913
534 829
259 69
222 855
532 937
253 87
575 648
634 468
610 643
471 527
864 784
242 167
255 147
662 352
433 189
456 627
990 738
446 290
1015 570
619 988
379 639
536 535
105 446
366 886
375 936
807 864
862 682
1072 676
278 265
285 289
541 649
934 435
615 90
568 250
596 609
814 451
264 461
872 679
298 123
233 812
812 301
96 2
779 1025
618 619
254 91
1055 977
60 373
474 135
397 644
842 813
863 277
145 224
175 112
795 530
135 316
1009 259
36 760
909 495
964 287
1063 116
147 452
378 405
16 6
937 268
673 115
1024 181
760 616
371 857
507 12
875 578
352 670
65 836
892 19
1033 280
927 768
803 1050
487 142
239 449
1062 155
656 31
197 528
760 582
687 201
291 436
587 193
857 803
286 990
131 294
956 1069
527 761
162 211
1020 494
756 1008
539 342
471 297
235 100
958 691
551 846
356 282
872 168
1041 22
480 1069
304 197
156 595
803 1067
704 533
855 926
189 416
261 327
559 839
149 859
349 728
548 787
655 719
654 445
525 445
388 363
739 653
468 482
194 122
970 100
718 885
502 580
927 1030
903 31
640 281
176 630
890 942
358 968
526 779
956 55
863 158
885 565
460 328
240 950
921 638
643 470
532 129
980 788
472 93
540 636
741 755
1060 469
1060 784
308 975
1053 191
466 462
699 132
328 478
674 229
643 91
465 199
413 901
1071 380
235 557
352 933
457 1008
1008 32
515 829
972 19
275 337
798 4
722 613
488 361
611 200
686 987
424 159
144 831
419 1004
193 687
212 791
84 594
446 7
785 1058
189 812
843 71
329 440
1057 500
234 145
510 979
499 138
989 360
49 589
408 1056
46 760
279 935
254 395
311 692
173 244
81 301
862 900
883 215
483 633
826 942
383 311
262 1007
882 755
1020 583
254 491
1036 5
725 712
70 1060
242 605
156 1069
34 442
839 800
315 1038
889 1071
127 602
520 580
1051 817
1068 166
955 1056
239 1021
909 939
44 392
654 210
1042 838
995 301
1036 315
857 1048
888 855
297 129
784 833
98 774
754 284
394 46
174 153
797 1020
627 810
642 926
208 537
822 38
629 74
1045 139
274 310
982 214
661 223
1019 363
396 410
303 690
173 742
158 202
765 573
1005 405
292 765
142 363
242 730
671 645
769 8
1000 179
858 582
481 41
569 941
581 861
643 188
885 66
590 99
295 536
134 962
881 558
789 665
965 596
996 564
780 454
772 434
293 887
628 642
242 534
197 493
936 119
877 328
621 1007
146 549
89 386
645 839
792 350
170 212
739 10
965 210
814 493
465 765
597 517
133 816
47 15
343 769
254 643
553 680
735 858
800 245
390 409
326 767
560 382
1003 269
132 874
566 484
650 830
239 158
438 1002
715 662
602 636
1066 208
938 57
322 632
846 925
519 1000
383 973
376 688
660 271
61 705
312 143
688 107
76 1035
481 966
827 231
301 797
887 105
572 1022
958 237
735 684
339 557
535 999
994 249
482 496
165 927
709 666
227 651
771 277
174 542
558 614
1007 1039
598 460
221 513
728 638
414 927
990 877
92 541
990 776
315 225
737 472
463 522
522 212
229 206
524 11
67 1012
627 14
150 387
222 582
152 474
396 890
565 953
239 181
888 234
892 662
1002 540
1036 231
508 354
317 847
1038 518
513 714
365 837
846 941
990 109
497 621
895 1010
522 43
797 423
238 706
821 322
938 6
60 56
712 377
1021 286
1050 860
541 803
188 51
860 533
204 667
608 787
156 799
292 168
813 717
509 626
774 1018
604 872
933 369
621 925
688 851
415 1016
411 343
1004 227
792 125
485 68
449 493
1038 674
784 105
387 658
689 703
692 172
356 246
138 59
976 551
872 222
619 95
489 76
990 908
695 1063
402 960
1050 267
458 51
52 748
99 363
989 379
485 697
453 100
706 210
667 398
1038 413
430 373
815 669
384 714
545 591
653 47
374 268
277 604
963 843
632 86
706 505
187 78
382 776
130 1073
539 450
524 64
55 908
1015 303
31 60
904 663
561 708
944 214
227 1044
841 576
537 939
669 1070
608 1067
902 236
82 1043
366 943
513 72
383 170
262 954
613 302
375 439
831 563
508 2
1020 86
1057 564
615 363
185 1049
444 1002
32 1016
849 515
1062 823
664 330
97 967
683 386
942 6
337 154
407 828
309 193
134 451
276 983
801 612
899 530
1022 281
216 652
1072 861
170 778
169 427
623 1068
996 237
856 376
737 468
276 772
507 779
164 1058
827 421
449 840
826 128
197 206
900 555
938 721
317 797
521 279
212 295
439 343
595 1034
886 373
237 685
324 981
993 859
1034 100
23 327
567 110
685 495
873 1011
710 334
290 635
989 814
382 412
519 692
538 439
999 976
215 636
769 785
792 116
544 547
73 811
825 340
435 963
337 828
534 224
712 5
856 568
115 586
256 572
690 759
536 163
916 742
461 443
695 884
561 600
265 317
936 321
920 869
313 508
712 207
214 956
174 951
486 642
357 398
731 646
452 46
881 1038
680 367
855 154
103 35
181 340
90 868
149 758
368 5
530 971
279 698
740 389
477 130
1072 1007
1032 764
467 1056
553 163
622 326
774 701
389 249
842 399
799 804
550 372
837 476
357 632
559 805
381 471
1017 7
981 71
265 449
1042 1070
1024 1040
530 296
859 320
6 776
732 166
238 900
455 428
1004 88
553 485
500 227
80 456
2 171
1006 73
728 523
154 118
842 309
396 707
646 742
295 65
1061 460
742 363
911 412
151 1007
271 1068
547 142
932 973
700 835
54 1026
548 816
845 342
888 894
844 890
133 882
1013 1051
800 722
170 1032
323 829
874 187
106 271
1004 479
576 754
795 198
688 166
740 416
104 875
35 919
856 12
979 628
962 117
784 82
818 779
991 926
649 768
1026 11
606 664
604 60
779 552
805 585
144 549
73 180
779 1011
566 391
118 504
280 10
766 950
199 1057
288 34
68 688
537 213
770 786
732 387
211 267
977 684
191 68
763 415
679 553
835 793
351 991
355 387
634 270
68 591
543 903
456 778
831 1068
116 801
99 1037
854 19
206 297
990 436
830 431
859 961
677 784
193 596
605 490
630 476
341 736
233 606
789 948
186 35
59 313
428 864
997 592
99 718
460 870
674 552
716 12
1039 162
880 544
538 247
633 852
209 122
58 987
57 684
408 374
460 180
460 248
162 823
1034 776
96 728
441 805
535 794
417 600
520 871
168 180
835 406
115 177
227 442
746 653
609 234
745 344
799 913
1025 212
1048 66
70 702
796 827
1029 567
775 754
428 658
101 675
654 1002
614 1032
650 173
595 679
979 500
389 928
339 633
175 527
116 503
900 902
30 343
626 682
502 423
875 229
1012 935
265 556
138 251
237 733
443 937
127 343
159 50
521 570
622 1036
142 718
472 163
399 695
314 953
976 206
987 641
252 598
856 5
115 640
705 389
70 584
291 707
551 58
297 283
471 802
868 369
634 459
481 570
728 118
552 654
843 425
272 845
406 503
223 374
439 904
343 622
1062 821
95 1051
258 585
74 540
778 223
1063 906
359 234
937 838
732 343
6 711
482 781
635 648
18 773
788 764
199 48
222 232
1058 863
456 616
951 369
473 412
599 197
844 993
397 853
431 705
436 597
798 250
633 346
1003 766
399 74
898 665
580 54
688 748
126 739
33 705
862 35
886 395
105 65
692 343
1007 564
347 946
111 702
921 182
878 672
20 572
919 1028
497 302
26 409
190 14
332 940
630 132
39 401
708 560
590 737
325 156
181 89
911 44
581 497
449 923
985 375
776 23
173 138
617 357
113 197
744 808
49 62
783 746
794 130
138 182
247 736
222 825
485 738
1027 879
169 236
356 768
569 955
869 251
519 87
762 320
25 937
522 359
503 215
866 482
704 235
396 909
615 664
574 971
304 833
719 156
918 659
814 368
245 1064
629 705
302 673
974 1031
376 807
264 1028
967 510
592 1032
675 320
723 303
874 438
942 651
589 726
203 50
850 189
439 514
271 44
628 612
602 696
239 939
542 20
8 228
990 667
239 790
924 15
504 434
505 508
875 380
153 247
418 693
837 528
924 853
937 373
984 177
473 306
46 84
27 350
644 950
274 864
146 444
1055 516
450 692
651 785
161 394
961 196
210 1013
266 696
336 273
600 670
863 1011
360 328
536 347
124 509
382 694
474 959
183 159
950 57
53 356
1045 916
231 53
123 241
223 877
353 544
393 945
964 384
140 1037
948 791
779 202
750 219
444 990
211 752
550 871
188 624
286 622
387 734
379 144
418 543
27 976
824 602
122 753
241 605
330 601
790 920
109 33
333 835
338 407
957 908
956 380
757 1058
780 581
434 720
480 185
881 344
596 10
287 138
146 481
745 178
427 448
871 476
709 432
638 804
685 325
813 499
349 757
307 912
401 675
299 970
322 1073
857 950
673 876
619 145
97 121
498 156
927 1066
596 226
521 620
153 304
727 187
184 114
884 456
1073 506
581 1023
1033 1073
483 74
612 273
358 727
254 836
324 824
974 206
745 1071
857 308
348 427
623 855
694 700
176 327
63 1049
763 554
319 388
782 878
798 804
440 689
610 230
649 59
156 521
168 225
128 521
433 279
268 1031
511 169
955 693
792 38
37 112
765 743
300 174
755 926
754 869
638 283
492 397
921 832
218 665
475 332
1015 712
1049 571
197 166
291 669
193 364
914 177
272 147
976 506
81 611
141 145
612 148
229 387
930 362
531 565
821 425
854 195
292 594
654 1028
228 524
746 277
985 498
2 988
857 96
560 742
483 706
643 297
475 238
987 986
20 222
1032 908
401 270
777 530
927 515
366 438
401 12
792 131
191 268
909 492
500 566
634 179
453 976
968 403
770 82
656 797
812 1000
409 558
75 32
806 203
619 623
1057 408
762 897
547 448
34 718
597 876
787 32
912 422
809 188
342 138
17 1000
925 760
897 165
758 348
5 853
1000 231
177 681
482 1039
810 600
632 1043
96 272
873 748
683 285
553 1057
437 192
656 928
3 568
925 117
1034 136
109 861
132 388
397 353
566 307
711 142
262 1052
641 238
970 13
377 43
700 535
577 91
862 255
92 356
531 158
2 837
225 804
576 487
68 65
960 438
286 789
526 1004
871 4
494 1032
541 424
1022 377
502 484
740 538
176 576
407 441
825 929
755 736
711 917
139 634
500 427
1025 380
915 813
1029 94
1010 288
881 236
762 977
440 1071
39 643
984 1006
395 719
480 862
135 961
720 735
1057 637
344 662
23 321
204 174
209 157
488 198
1037 432
844 285
150 736
903 127
381 994
774 214
624 252
84 987
439 807
977 192
600 653
969 383
962 461
692 781
587 103
1027 420
1044 267
371 757
104 360
415 23
949 327
145 338
95 90
989 458
430 580
895 466
1016 383
240 800
833 28
16 758
958 744
402 770
320 1025
551 929
951 27
989 281
505 864
812 345
404 46
981 715
839 445
1013 254
673 430
1046 656
296 62
936 178
700 886
535 484
504 789
755 322
263 1046
375 64
671 108
220 575
922 57
452 512
147 143
206 960
540 875
187 949
106 592
359 221
381 245
757 498
45 718
997 612
86 267
943 924
241 88
582 896
424 265
266 505
987 337
626 32
118 279
602 588
979 126
118 606
1026 593
662 41
952 924
783 310
232 1049
687 815
834 24
347 698
116 182
727 759
328 77
947 946
654 458
825 278
860 1014
15 2
905 153
120 442
531 333
26 782
43 625
713 460
414 756
305 902
782 187
18 410
912 613
360 46
973 196
169 546
779 666
885 129
185 268
474 331
469 263
144 789
872 250
9 991
724 708
457 235
463 1068
577 119
94 831
645 680
565 852
230 108
814 763
160 266
549 964
873 565
973 771
747 369
516 16
243 306
418 387
332 621
817 778
579 229
411 901
