1000
143910 291720
154375 228000
113970 137460
285048 232083
277947 241512
667629 442953
6394 56573
474324 500832
636682 169451
322536 150232
254280 503100
322816 41128
93210 38090
23872 28224
347400 235200
592203 239196
10395 487080
179577 163539
88603 214354
802604 962336
111000 91800
680328 67861
426367 14232
67260 280820
239979 110649
206216 45672
154584 111870
39936 289536
456456 84474
75255 80214
171072 183168
87472 42955
183456 98784
123585 306460
59850 29421
37202 632434
411060 131937
301010 76880
395136 462560
612466 256973
51584 450864
69015 215000
740486 23281
67357 185473
100845 7776
16350 337355
436088 43488
27242 494982
66712 401886
79515 843885
176880 51744
511798 383362
9369 38170
52932 631174
143055 380160
30660 25060
362992 365344
499410 483300
41760 226368
122850 21294
114070 86376
148335 78585
48585 75050
244500 726750
50622 139535
202768 126960
190800 681156
131835 155617
123390 38745
135720 168200
134100 121500
345966 334328
264492 690381
123200 157465
63650 162810
279000 57150
70992 264944
27048 229080
250452 87156
80652 58872
292810 381170
103550 118265
198004 491654
188074 63848
161460 152880
110768 231196
228603 71133
373589 258704
230100 207090
44730 45430
199665 448902
222580 30515
601299 857251
9440 30562
8568 73236
49022 234696
163116 358737
182400 277020
26649 27072
217189 55664
122210 406560
126162 64548
218502 13532
334026 431390
88677 175761
215520 466960
461540 323569
943162 52030
220429 213411
135196 13286
20448 3312
190535 389698
219480 545160
236520 209304
293062 259154
131237 497503
702270 213282
112378 265650
460282 59232
418488 164829
447853 221825
585884 422216
295350 890525
81900 129240
319260 496230
58212 86328
188734 486902
316956 75396
510971 486390
50183 583471
63054 535620
7434 17577
33390 238924
568106 492303
85824 233334
114057 126684
668744 170922
452140 884540
273562 383686
448945 282800
210400 258400
254947 341187
253470 495012
4029 212826
72565 98325
66690 1482
152424 216224
372960 221130
513684 509580
337725 449825
700338 729712
770875 581875
587951 400582
589170 384990
222264 250452
46740 63960
225884 611706
11740 422053
132635 134275
284400 139320
99844 321516
105779 7923
309434 395352
552948 63261
275480 65036
180000 646200
291036 126084
193284 270816
13440 166320
83655 129525
366436 441784
346256 164552
591957 70278
147704 271456
362481 356587
298638 274104
209520 91800
498456 250056
204000 110880
111494 150656
94860 1836
687830 233220
183825 42750
168360 290055
23055 72210
118397 291485
76362 124155
614456 354693
35700 58660
234624 278240
160200 701320
11682 99120
51408 204714
413908 535790
70686 191862
262430 462875
614055 760383
57333 600349
187704 38016
246792 430530
172732 8756
774936 760554
292752 769728
238852 244512
692103 85143
572278 709864
280779 336502
585528 638352
26748 393790
86697 194940
141336 210192
309016 65484
316536 313920
436008 586080
288090 139389
48556 139812
646114 228095
136448 40344
108040 320470
320100 447700
399711 147667
137579 239510
418488 515796
235224 103818
127565 795841
663146 104060
522276 693528
114840 22446
500262 55986
383520 713507
802375 636125
33408 421080
140347 30765
220657 167005
44138 426160
298357 535173
416628 486492
26320 365660
663570 351130
284382 54945
474936 660747
18928 142896
688539 283850
619830 67734
91542 89604
18216 440496
383148 309748
12150 92610
84240 86400
301136 417956
468650 262650
218088 866736
74992 96356
26970 58725
451165 109794
73112 39368
331037 277970
79002 529452
559776 148274
55917 97983
173228 586520
269040 270456
387224 269460
79722 36771
256291 244447
292672 170272
327453 398879
319360 234880
535304 413952
138756 481170
273750 82490
533000 305860
13776 45216
216450 80475
448174 456975
30597 15965
181056 157932
498480 329592
119226 11904
240798 98236
265083 108927
167076 232050
192708 101548
169839 82665
157410 349965
393840 219894
280761 282555
51051 87516
236312 773464
435780 337326
173348 421316
95647 76053
75900 161425
916740 674190
194016 132354
225342 28890
15264 4176
202213 449494
207138 196710
389532 312312
284679 130707
790419 320073
222684 79002
69130 620
30855 15895
155775 242205
25092 722502
161980 286580
7693 37191
156527 26845
522144 100128
858094 707443
119392 257726
42525 28755
852432 535479
153386 429806
860925 97500
501704 704816
635672 116774
622812 201756
454944 150294
799112 603576
353502 267156
684106 467566
55328 147680
239572 493376
107236 421192
343332 158763
188238 212076
351370 55705
12818 1734
145167 218042
73514 443576
11544 599326
13776 6888
179250 201000
737440 446160
12418 10644
71100 12240
30603 90900
295834 284240
260876 295372
265275 190212
135235 138890
325710 250866
334620 169650
201978 251442
3210 6190
387710 561472
318867 570711
337400 243892
433203 713209
110896 148897
10512 48528
58088 506900
51544 71808
322070 320866
231240 222384
5952 18080
346884 67520
9996 32046
465356 630830
712708 189363
104410 83740
273609 425614
267540 503475
126999 206721
517920 80080
365486 339444
139810 297693
777994 197274
576544 255936
278400 330165
39440 29000
173349 132770
407370 301674
132890 78570
167348 67252
155298 14118
153909 438795
10836 58212
91280 96496
46168 384866
3328 1027
445625 32550
281988 293924
62992 186690
9680 329560
109504 129456
349044 240584
381996 336069
19928 128048
239292 49572
901558 646100
405697 185380
622506 329460
644904 658684
124424 45732
318780 398475
356224 315744
23074 92794
146940 305970
50880 510708
284200 211700
69120 493056
4572 371856
181488 20064
90720 5600
631098 404811
104004 150656
34624 208285
25256 1372
94710 175945
903245 498410
600504 198858
116632 88084
559910 576043
300609 367674
25654 40767
179740 449350
455096 543742
172212 195942
167424 234624
238572 107442
305562 38496
195562 18282
306215 576761
985044 115713
304684 609368
762960 414480
235578 264972
677607 73191
247345 108870
81880 52510
82280 83490
501216 197248
491150 505400
88886 68932
34580 37335
224272 410452
11528 7336
22294 41134
200380 471592
251790 159140
719079 85986
640233 659373
229992 482258
748824 448229
581120 204160
35478 27945
409755 197701
10120 6468
4170 586302
142188 242556
256676 42720
676192 744896
37195 4730
864 6453
100681 130207
39780 18837
374420 254140
280386 41258
86227 129422
316272 199584
407218 737528
67416 15370
159676 279224
355680 222144
455629 416746
467620 907092
388170 706230
265309 172356
578589 193848
9420 218230
105820 60976
556010 467180
66080 131334
11481 106941
213864 230356
210560 361900
21417 62304
219634 233144
745624 198616
694764 120389
19150 40598
530202 454542
25491 404340
69600 65888
371280 85000
379015 593096
43624 15498
186550 48750
365950 325414
336000 49560
62000 134800
761840 119840
804105 103041
719 51049
148835 99994
11151 159831
388020 118636
125970 569126
451530 454140
495110 250127
74760 135636
826804 155572
113668 20272
220991 50939
187259 550485
174096 389701
33250 783750
183270 541764
757770 456404
106529 323751
457530 136655
70892 114848
95472 502146
386084 500226
11536 136784
9483 10643
278208 296352
40592 181976
6012 192885
358072 327756
15075 56816
125250 60788
30366 219310
7567 229642
87745 760725
445740 119130
426420 263120
94560 243360
325465 497770
549039 2787
143594 421388
51393 104784
857220 168618
44946 40986
22607 17155
45501 81606
171873 216621
93980 83768
37236 50634
155890 8568
217350 251643
128256 23380
181050 267750
110055 176088
374440 397417
32076 274428
290339 426721
318330 269730
493488 101320
527826 829192
9240 153120
141610 39100
302096 461270
150960 292060
137340 619290
1268 242822
322328 224288
790587 126336
616266 279225
539280 344112
359560 217756
115101 130599
184926 379694
540081 196461
557205 735879
528432 207972
209862 59736
275942 456906
521843 419608
100827 91601
9702 14806
3320 1660
111980 163900
107533 274744
242525 55625
320256 270216
38164 21808
186560 179300
490860 954504
239144 337340
305292 76220
222762 794052
57879 88500
41624 61336
54677 62488
15500 274660
25200 116760
586740 693000
419366 28020
405844 170926
226326 389940
202280 236901
126228 18492
515057 599900
104195 433615
553520 412032
259602 472405
70532 38192
385770 60984
386464 314912
35260 142516
545910 361770
233984 871956
644544 333504
13200 44550
214170 53460
13688 60552
24426 58764
128960 44330
607716 703044
124532 164260
233772 76714
655389 756432
271432 543781
125079 295830
17767 10137
79109 27473
211770 41268
65934 263403
346104 516420
32012 495884
247404 247404
105672 115668
56672 236192
595884 265880
894873 589645
305136 116382
483285 501468
127107 32103
249152 108088
18810 109098
135196 113880
87992 411492
6216 7548
235042 19624
220809 234041
207936 130752
31770 404538
154560 532680
260942 60610
161000 78085
731916 408240
148256 34440
42636 669460
266532 522690
303832 39120
186018 162540
469104 260838
413922 147510
63002 15587
62580 12740
496989 578043
290439 732375
370600 112880
160308 513864
337800 267600
598752 441288
32373 40330
274940 195880
60534 173460
195741 2629
281935 15255
88255 699537
172848 418824
481779 676266
167819 165272
518039 642930
41652 451152
186494 59512
164016 386784
11424 31161
698784 390807
256360 161200
60340 81760
675510 136620
56918 247936
35712 60160
232360 34040
572905 392615
404110 260820
97573 207018
36900 75522
606020 378280
46116 63135
645638 585298
904112 918632
329342 268158
206305 295988
144840 126820
165000 396000
404700 78850
208320 245952
72432 74736
223295 62271
39597 81807
505983 245190
460362 262612
445828 211564
422820 332775
37200 241800
26588 79764
489952 807152
127032 191084
883596 446508
2416 6352
460800 459520
479000 458500
283528 199864
462326 72086
655344 605488
262788 177876
175968 79040
187030 303052
466793 530704
257640 100890
6708 9384
333828 76626
210796 135900
238802 852128
386400 436800
8610 3045
129024 53676
90510 3879
41778 357856
273312 174816
104328 337680
73431 128781
152685 87870
156020 61332
65856 79200
184600 151088
38812 117688
253044 381483
101916 106020
9285 142989
47196 86940
25092 271584
36162 57072
709800 661050
231984 245588
19071 8892
63900 369200
6992 357328
379995 65219
51632 323161
496716 367873
43230 104940
38098 559066
382789 116127
152280 772740
174262 817465
511464 659328
318399 220917
83284 105656
70092 82566
560952 528516
816992 397848
190944 458796
552492 195906
829080 126126
228734 56200
46970 130845
181440 42560
588412 126888
102163 52345
19760 20748
37312 24168
427280 976080
609609 856515
591136 257984
69440 46624
83328 19584
498888 456976
7112 298704
267526 378203
227448 160380
323785 189420
5328 26832
12744 24732
108480 91304
103075 16891
67260 186676
7752 25878
752346 400910
218 26705
160758 195156
692104 812056
256080 132890
10880 150400
126378 136998
145314 118611
90360 171900
333200 447300
114648 162792
153153 884
10176 3840
98810 232470
279070 122130
33550 15895
298095 1002
479688 157113
87220 61054
244728 615384
476010 285975
479872 523556
26606 35404
624091 576084
132129 19390
65691 54513
35948 26752
256434 317106
3990 44061
65988 821466
255863 161528
163372 107348
732676 694316
42230 29110
121256 175536
513315 615230
734037 565494
17490 33440
42296 129064
386715 366618
65582 124872
183770 114310
51912 55188
410990 520490
154755 128510
326536 875840
202170 592020
355008 349332
258258 105651
51750 117000
221280 541214
493480 65481
96460 304220
194688 338688
460224 746266
296100 245700
49841 214291
23772 157631
2430 129
274793 282717
728424 308040
63024 16059
463072 72384
10857 139872
311802 252927
303021 299106
400656 111948
81092 42874
402600 166408
784350 391760
372450 48100
562464 139779
74930 159385
626516 625878
68694 47294
12080 129860
524160 423072
117236 333158
608284 488394
186063 34335
246530 19390
12936 140280
28440 638478
6273 7416
20496 484584
53312 141984
22126 30932
151796 183928
110864 73554
94810 1520
218700 103356
545805 321750
377545 507955
559180 394930
238125 60325
316500 263961
116604 204136
64541 99166
588519 254322
89900 28396
386784 323136
302126 260865
147736 205328
67158 719082
40373 42112
11773 52521
226380 135828
381879 178716
142085 314
679620 67480
145950 44850
488 98210
676872 595107
894873 128226
404320 119280
60816 35114
195392 308424
10758 6683
58200 443290
86632 138040
83916 45732
573750 377298
69600 158688
22177 32763
123388 22672
433857 379525
461032 30420
25090 147645
603725 671925
402975 568145
279708 503360
307230 365332
49552 20216
411201 251503
52456 14027
5940 70380
454804 498834
298240 398896
143220 186340
649392 581000
67640 63546
370804 557764
193848 359919
657192 302592
10235 239855
464808 124548
297198 42066
197098 314432
691878 234438
61122 11834
405 65340
264330 321468
50184 500364
122200 463840
565796 448910
109005 75465
152640 134514
101426 88976
744012 525888
33165 11591
754630 619344
303030 221778
68382 355272
282348 594642
583944 643800
50976 65952
568320 752640
960396 69438
56639 169499
86376 92276
270513 138933
406539 431634
35752 44036
351505 186340
433100 330620
3335 3695
207207 19481
34086 83720
8050 17388
82848 62784
719280 948051
201160 123264
446790 483039
132870 258015
176979 297906
136888 614068
95188 61962
40033 8858
242724 589268
541242 405756
4452 129585
13440 29184
37037 29575
459792 131016
79872 26624
377286 113324
697104 721920
163194 241103
115506 149172
7788 60852
308826 230622
141044 677583
131648 179520
287496 424116
135828 131516
251850 289455
283620 650760
167291 157257
363340 843538
372864 300672
47824 34104
229632 223353
14288 15776
