100
1596 2058
465 1581
2162 517
294 252
2576 2016
2112 1496
134 90
3978 4794
5694 624
290 480
343 1519
7268 5767
5734 8366
112 525
2475 3168
1078 1274
3456 5022
744 1944
3050 5002
688 696
891 2511
632 2923
1566 5130
760 836
1032 252
2175 1950
874 1938
837 189
3276 988
2184 1464
551 1885
915 4636
47 18
2368 1628
4307 4543
1960 896
1581 867
812 1288
2485 781
2688 2128
1590 960
355 355
2233 2697
6880 5762
3780 4266
627 4104
4030 5525
988 2584
1782 1782
644 2392
414 690
781 55
1116 972
6930 5313
833 4165
126 774
7128 2808
8835 1330
1372 980
3901 4606
1363 3243
2318 152
3045 3115
240 2320
210 760
2025 975
6734 4588
88 1892
1032 1806
3465 360
858 1040
1102 1520
1320 1815
1848 1012
395 490
2501 2173
20 16
1935 2340
306 396
5256 511
3420 570
4802 441
256 380
2550 102
3358 1702
6888 5544
135 3555
3298 1122
4514 1525
3840 5568
2160 1296
4752 2832
1961 518
234 780
2158 996
2158 8051
3432 1170
5390 4760
5510 4698
420 154
