100
4 7
1 1 1 1 
0 0 1 1 
0 1 0 1 
1 0 0 0 
0 0 1 0 
1 1 0 0 
0 1 1 1 
10 3
0 0 1 1 1 0 1 0 1 1 
1 1 0 1 0 0 1 0 1 0 
1 0 0 1 0 0 0 1 1 1 
5 8
0 1 0 1 1 
1 0 1 0 1 
0 1 0 0 1 
0 1 0 0 0 
0 0 1 1 0 
1 0 0 0 0 
1 0 0 0 0 
1 1 0 0 0 
8 2
1 0 1 0 0 0 1 0 
0 1 1 1 0 1 0 1 
12 18
1 1 1 1 1 1 1 0 1 1 0 1 
0 1 1 0 0 1 0 1 1 1 0 0 
0 1 0 1 0 1 0 1 0 1 1 1 
1 0 0 0 1 0 1 0 0 0 0 0 
1 0 1 1 1 1 1 0 0 1 1 0 
1 1 0 1 0 1 1 1 1 1 0 0 
1 1 0 1 0 0 1 1 1 0 0 0 
0 0 0 0 1 1 1 0 0 1 0 1 
0 1 0 1 0 0 1 1 0 0 1 0 
0 0 1 1 1 0 0 1 0 0 1 1 
0 0 0 0 1 0 1 1 1 0 0 1 
0 0 0 0 0 1 0 0 0 0 0 1 
0 0 0 0 0 1 1 0 0 1 1 1 
1 0 1 0 0 1 1 1 1 0 1 1 
1 0 0 1 0 0 0 0 0 0 0 0 
0 1 1 0 1 0 1 0 0 0 1 1 
0 0 0 1 0 1 1 0 1 1 1 1 
1 0 1 1 0 1 1 0 1 0 0 0 
1 5
0 
1 
0 
1 
0 
5 13
0 0 0 1 1 
0 1 0 0 0 
1 0 0 0 0 
1 1 1 0 0 
1 0 0 1 1 
1 0 0 1 0 
0 1 0 1 1 
1 1 0 1 1 
0 0 1 0 0 
0 0 0 1 0 
0 0 1 0 0 
0 0 0 0 1 
0 1 1 1 0 
11 15
1 0 0 1 0 0 0 1 1 0 1 
1 1 1 1 0 0 1 0 0 1 0 
1 1 0 0 0 1 0 0 0 1 0 
0 0 0 0 1 1 1 1 0 0 1 
0 1 1 0 1 1 1 0 1 0 1 
1 0 1 1 0 1 1 1 1 1 0 
0 1 1 1 1 0 0 1 1 0 1 
0 0 0 1 1 0 0 1 0 0 1 
1 1 1 1 0 1 0 1 1 0 0 
0 0 1 0 0 1 0 0 0 0 0 
0 0 0 0 0 1 0 0 1 0 1 
0 1 1 1 1 0 0 0 1 0 0 
0 1 0 1 1 0 1 1 0 1 1 
0 0 0 0 0 0 1 0 0 1 1 
1 1 1 0 1 1 1 0 1 1 1 
4 8
0 1 0 1 
1 0 1 0 
0 1 0 0 
1 1 1 1 
0 0 1 1 
1 1 1 0 
0 1 1 1 
0 0 0 0 
12 18
1 1 1 0 1 1 1 1 1 1 0 0 
0 0 1 1 0 0 0 1 1 0 0 0 
0 0 1 0 0 0 1 1 1 0 0 0 
1 1 1 1 0 1 1 1 0 0 0 0 
1 1 1 0 1 1 0 1 1 1 0 1 
0 1 0 1 0 0 0 1 0 1 0 0 
1 0 1 1 0 0 1 1 1 0 1 0 
1 0 0 0 1 0 1 1 1 1 1 1 
0 1 1 0 0 1 0 1 1 0 0 0 
0 1 1 1 1 1 1 0 1 1 0 0 
1 1 0 1 1 1 0 1 0 1 1 0 
1 1 0 0 1 0 0 1 0 0 0 1 
1 0 0 0 1 0 0 1 0 0 0 1 
1 0 0 1 0 1 0 1 0 0 1 0 
0 0 1 0 0 0 0 1 0 0 1 1 
0 1 0 0 0 0 1 1 1 1 1 1 
0 1 0 1 1 1 1 1 1 0 0 1 
0 0 0 0 0 1 0 0 1 0 1 1 
20 7
0 0 0 1 1 0 0 1 1 1 0 0 1 0 1 1 1 1 1 0 
0 1 1 0 1 0 0 0 1 1 1 0 1 1 1 0 1 0 1 1 
1 0 1 0 0 0 1 1 0 0 1 0 1 1 0 1 1 0 1 1 
0 0 1 1 1 0 0 1 0 1 0 0 1 1 0 1 0 0 1 0 
0 0 0 0 1 0 1 1 0 0 0 0 1 1 0 0 1 0 1 0 
1 1 0 1 1 0 0 1 0 1 1 1 0 1 1 1 1 0 0 1 
0 0 0 1 1 0 0 1 0 1 1 1 1 1 0 0 1 1 1 0 
19 5
1 0 1 0 0 0 0 0 1 0 1 1 0 0 1 0 1 1 1 
0 1 0 1 1 0 1 0 1 1 1 1 0 1 0 0 1 0 0 
0 0 0 1 1 0 1 1 0 1 0 0 1 1 0 1 1 1 0 
1 0 1 0 0 1 0 0 1 1 1 1 1 1 1 0 0 0 0 
1 0 1 0 0 0 1 1 1 0 0 1 0 0 0 0 0 1 0 
6 15
0 0 1 1 1 1 
0 1 1 0 1 1 
1 1 0 1 0 1 
1 1 1 0 1 1 
1 1 0 0 0 1 
1 0 1 0 1 0 
1 1 1 0 1 0 
0 0 1 0 0 0 
1 1 1 0 1 0 
1 0 1 1 1 1 
0 0 1 1 0 1 
1 0 0 1 0 0 
1 0 0 1 0 0 
1 1 1 0 1 1 
0 1 1 1 0 0 
2 14
0 0 
0 1 
1 0 
1 0 
1 1 
0 0 
0 0 
1 0 
1 0 
0 0 
0 1 
1 0 
0 1 
0 1 
14 12
0 0 1 0 1 1 0 0 1 1 1 1 0 1 
1 1 0 0 0 0 1 0 1 0 1 0 1 1 
1 1 0 1 1 1 1 0 0 0 0 1 1 1 
0 1 1 0 1 1 0 1 1 1 1 0 0 0 
0 1 1 1 0 1 0 1 1 0 1 1 0 1 
1 1 1 1 1 0 1 0 1 0 1 0 1 0 
0 1 1 1 1 0 0 1 0 1 1 1 1 0 
0 1 0 1 0 1 1 1 1 0 1 0 0 0 
0 0 1 0 1 0 1 0 0 0 0 0 1 1 
1 0 1 0 1 1 1 1 0 0 1 1 1 0 
1 1 1 1 1 0 0 1 0 1 1 0 1 1 
1 0 0 0 0 0 0 1 1 0 1 0 0 0 
16 2
0 1 1 1 0 0 1 0 1 1 0 1 0 1 0 1 
0 1 1 0 1 0 0 0 0 1 0 0 1 0 0 1 
12 4
1 1 1 0 0 1 0 0 0 0 1 0 
1 1 1 0 0 0 0 0 1 0 1 1 
1 0 1 1 1 0 0 0 0 1 1 0 
0 1 0 0 1 1 1 0 1 0 0 1 
12 10
1 0 1 0 1 0 0 1 1 1 1 1 
0 1 1 1 1 1 0 1 0 1 1 1 
1 0 1 1 1 0 0 0 0 0 0 0 
0 0 1 0 1 0 1 1 0 0 0 1 
0 0 1 0 1 0 1 0 0 0 0 1 
1 0 1 1 0 1 1 1 1 0 1 0 
1 0 0 1 1 0 0 1 1 1 1 0 
1 0 1 1 0 1 0 1 1 1 1 0 
0 0 1 1 1 0 0 0 0 0 1 1 
0 1 0 1 1 1 0 0 1 1 0 0 
3 7
1 1 0 
0 1 0 
1 0 0 
0 0 0 
0 1 0 
1 0 0 
0 1 0 
4 7
0 0 0 1 
0 0 1 0 
1 0 0 0 
0 1 1 0 
1 1 1 1 
1 0 1 0 
0 1 0 1 
14 5
0 1 0 0 0 0 0 1 0 1 0 1 1 0 
0 0 0 1 1 1 0 0 1 1 0 0 0 1 
1 0 1 1 1 1 1 0 1 1 1 1 1 1 
0 0 1 0 1 0 1 0 1 1 1 1 0 1 
1 1 0 0 1 1 0 0 0 1 0 1 1 0 
8 15
1 1 0 1 0 1 1 1 
0 0 1 1 1 1 0 0 
0 1 1 1 0 1 0 1 
0 0 0 1 0 1 1 0 
1 0 1 1 1 0 0 1 
0 1 0 0 1 1 0 1 
0 1 1 0 0 1 1 1 
1 0 0 0 1 0 0 0 
0 1 1 1 1 0 1 1 
1 1 1 0 0 0 0 0 
1 1 1 0 0 0 1 1 
0 1 1 0 1 1 0 1 
0 0 1 1 0 0 1 1 
1 0 0 0 0 0 0 0 
1 1 0 1 0 1 0 0 
11 1
0 0 1 1 1 0 1 0 1 1 0 
13 7
0 1 0 0 1 0 0 1 1 0 1 0 0 
0 1 0 1 1 1 1 0 0 0 0 1 1 
0 0 1 0 0 1 1 1 1 1 1 0 0 
1 0 0 1 0 0 0 0 1 1 1 0 0 
1 1 0 0 0 0 0 1 1 1 1 0 0 
0 1 1 0 0 0 0 0 0 0 0 0 1 
0 0 0 0 0 0 1 0 0 1 1 1 1 
3 13
0 0 0 
0 0 1 
1 0 0 
1 0 0 
0 0 0 
1 0 0 
1 1 0 
1 0 1 
0 0 0 
1 1 0 
1 1 0 
1 1 0 
0 0 0 
11 13
0 0 0 1 1 1 1 1 0 0 0 
0 1 1 0 1 1 1 0 1 0 1 
1 1 0 0 1 1 0 0 1 1 0 
1 0 1 0 1 1 0 0 1 0 1 
0 0 0 1 1 0 0 1 1 1 0 
1 1 0 0 0 0 1 1 0 0 1 
0 0 0 1 1 0 0 1 1 0 0 
1 1 1 1 1 1 0 0 1 0 0 
1 0 0 1 0 1 0 0 0 0 1 
0 1 0 1 1 1 0 1 1 0 0 
1 1 1 0 0 1 1 0 1 1 0 
1 0 0 0 0 1 0 0 0 1 1 
0 0 0 1 0 1 1 0 1 0 0 
3 9
0 0 1 
0 1 0 
0 1 1 
1 1 1 
0 0 0 
0 1 1 
0 1 0 
1 1 1 
0 0 1 
3 1
1 0 0 
8 15
0 1 0 0 0 1 1 1 
1 1 1 1 1 0 0 1 
1 0 1 1 0 1 1 1 
0 1 0 0 1 0 0 1 
1 1 1 1 0 1 0 1 
0 0 0 0 0 1 1 0 
1 0 1 1 0 0 0 0 
1 1 0 0 1 1 1 0 
0 0 1 0 1 1 0 0 
1 0 0 0 1 1 0 1 
0 1 0 0 1 1 0 0 
0 0 0 1 1 1 1 1 
1 0 0 1 1 0 1 1 
0 1 1 0 0 1 1 0 
0 1 0 1 0 0 1 0 
16 12
1 0 0 0 0 1 0 0 0 0 0 1 1 0 0 0 
0 1 1 1 1 1 1 0 0 1 0 1 0 1 0 1 
0 0 0 0 1 0 0 0 0 0 1 1 0 0 1 1 
1 0 0 0 1 1 0 1 1 1 0 1 0 0 0 0 
0 0 0 0 1 0 0 1 0 1 1 1 1 0 0 0 
1 0 1 0 0 1 0 1 0 0 0 1 1 0 1 1 
1 0 1 0 0 1 1 1 1 0 0 0 1 0 1 0 
0 0 0 0 1 0 1 0 1 1 1 0 0 0 1 1 
0 1 1 1 0 0 0 1 1 0 0 0 0 1 0 0 
1 0 1 0 1 0 0 0 0 1 0 0 0 1 1 0 
0 0 1 1 0 1 0 1 1 0 1 1 1 1 0 0 
0 1 1 1 1 1 1 1 1 1 1 1 0 0 1 1 
5 12
0 1 0 0 0 
0 1 0 1 0 
1 1 1 1 0 
0 0 0 1 1 
1 0 0 1 1 
1 1 1 0 0 
0 0 1 0 0 
1 0 1 1 0 
0 1 1 1 0 
0 1 1 0 0 
0 1 1 1 0 
0 0 0 1 0 
19 2
0 1 0 0 0 0 0 0 0 0 1 0 1 1 0 0 0 0 0 
1 1 1 0 0 0 0 0 1 0 0 1 0 1 1 0 1 1 0 
20 5
0 0 0 1 0 0 1 0 0 0 1 1 1 1 1 1 1 1 1 1 
1 0 1 0 1 0 0 0 0 1 0 1 0 0 0 0 0 0 0 0 
0 0 0 1 1 1 1 1 1 0 0 0 0 0 1 1 0 1 1 0 
0 0 1 0 0 0 0 1 0 1 1 0 1 1 1 0 1 0 1 0 
0 0 0 0 0 1 1 0 0 1 0 1 1 0 1 1 0 0 0 0 
8 17
0 0 1 1 0 0 0 0 
0 0 0 1 1 0 0 0 
0 1 1 0 0 0 0 1 
0 0 1 0 0 0 0 0 
0 0 0 1 0 0 1 1 
0 1 0 1 1 0 0 1 
1 1 1 1 0 0 1 0 
0 0 0 1 1 1 1 1 
1 1 0 1 1 1 0 0 
0 0 1 1 1 1 0 0 
1 0 0 1 0 1 1 0 
1 1 1 0 0 1 0 1 
0 0 1 0 0 1 0 0 
0 1 0 1 1 0 1 0 
0 1 1 0 0 0 1 0 
1 0 0 0 1 0 1 0 
1 0 0 1 0 0 1 0 
10 6
1 0 0 0 0 0 0 1 1 0 
1 0 0 1 0 1 1 0 1 0 
0 0 1 0 1 1 0 1 1 1 
0 0 0 0 0 0 1 0 0 0 
1 1 0 1 0 0 0 1 0 0 
0 0 0 1 0 0 0 0 1 1 
13 14
1 0 0 1 0 1 0 0 1 1 0 1 0 
0 1 1 0 0 1 0 0 1 1 1 1 1 
1 0 0 1 0 1 1 0 0 0 1 0 0 
0 1 0 1 0 1 0 1 1 0 0 1 1 
1 0 0 1 1 1 1 1 1 1 0 0 1 
0 0 0 1 1 0 0 1 1 0 0 0 1 
1 0 1 0 1 1 0 1 0 1 1 1 0 
0 1 0 0 0 1 1 1 0 0 1 0 1 
1 1 0 1 0 1 1 0 0 1 1 0 0 
1 0 1 0 0 1 1 1 0 0 0 1 1 
0 1 0 0 0 1 1 0 0 0 0 0 0 
0 1 1 0 1 0 0 1 0 1 0 0 0 
0 0 0 1 1 0 0 1 0 1 1 0 1 
1 0 1 1 0 1 0 1 0 0 1 0 1 
2 16
1 1 
1 0 
1 1 
1 0 
1 0 
0 0 
1 1 
0 0 
0 0 
0 0 
0 1 
0 1 
1 0 
0 0 
1 1 
1 1 
14 4
1 0 0 0 1 0 0 1 0 1 0 0 0 0 
0 0 0 0 1 1 1 1 1 1 1 1 0 0 
0 1 1 1 0 0 1 1 0 0 0 0 1 0 
0 1 0 0 1 1 0 1 0 1 0 1 0 1 
9 11
1 0 0 1 1 0 1 1 1 
1 1 1 1 0 1 1 0 1 
1 1 0 1 0 0 0 0 0 
0 1 0 0 1 1 0 0 0 
0 1 1 1 0 0 0 1 1 
1 0 1 1 1 0 1 0 1 
0 0 1 0 0 1 0 0 0 
1 1 0 0 1 1 1 1 1 
0 1 0 1 1 0 0 0 1 
0 1 1 1 1 1 1 1 1 
0 0 1 0 1 0 0 1 0 
10 14
1 0 1 0 0 0 1 0 0 1 
1 0 1 0 0 0 1 1 0 0 
1 0 1 1 1 0 1 1 0 0 
0 1 0 1 1 0 1 1 0 1 
0 1 1 1 1 1 0 0 0 0 
0 1 0 1 0 1 1 1 0 1 
1 0 0 1 1 0 1 0 1 1 
1 1 0 1 1 1 0 1 1 1 
1 1 0 1 1 1 0 0 0 1 
0 0 1 0 1 1 0 1 1 1 
0 1 1 1 0 0 0 0 1 0 
1 0 1 0 1 0 1 1 1 1 
0 1 1 0 1 1 1 0 0 0 
1 0 1 0 1 1 0 0 0 1 
17 8
1 1 1 0 0 0 0 1 0 0 0 1 0 1 0 1 1 
0 0 1 1 1 1 0 1 0 0 1 1 0 0 1 0 0 
1 0 0 1 1 0 0 1 0 0 0 0 0 0 1 0 1 
0 1 0 0 0 0 1 1 0 1 0 1 1 0 0 1 0 
0 0 1 0 1 1 0 0 1 0 0 0 0 1 0 0 1 
1 0 0 0 0 0 1 0 1 1 0 1 0 0 1 1 1 
1 0 0 0 0 0 0 0 0 1 1 1 1 1 0 1 1 
0 1 1 1 1 0 0 1 1 1 0 1 0 1 0 0 0 
7 20
0 1 1 0 0 1 1 
1 0 1 0 1 1 0 
0 1 1 0 1 1 1 
0 1 0 0 0 1 1 
0 1 0 0 0 1 1 
0 0 0 1 0 0 0 
1 1 0 1 0 1 1 
0 0 1 0 1 1 1 
0 0 0 0 0 0 1 
0 1 0 1 0 0 0 
0 0 0 0 0 0 1 
0 0 1 0 0 0 1 
0 1 0 0 0 0 0 
0 0 1 0 1 1 1 
1 0 0 0 0 0 0 
0 1 1 1 1 0 1 
1 0 0 1 0 0 1 
0 0 0 0 0 1 0 
0 1 0 1 1 0 1 
1 0 1 0 1 1 1 
17 14
0 0 0 1 1 0 1 1 0 0 1 0 0 0 0 0 1 
0 0 0 0 1 0 1 1 0 0 0 1 1 1 1 1 1 
0 0 1 0 1 1 0 0 1 0 1 0 1 0 0 1 1 
1 0 1 0 1 1 0 1 0 1 1 1 0 0 0 1 0 
0 0 1 0 1 1 0 0 1 1 0 1 0 1 0 1 0 
0 0 1 1 0 1 0 1 1 1 1 1 0 1 1 0 1 
1 1 0 1 1 1 1 0 0 1 1 1 0 0 1 1 1 
0 1 1 1 0 0 0 1 1 0 1 0 0 0 1 0 0 
0 1 1 1 1 1 1 1 0 1 1 0 0 0 0 1 1 
1 1 1 1 1 0 1 0 0 0 0 1 0 0 0 1 1 
1 1 0 0 0 1 0 1 1 0 1 1 0 1 1 1 0 
0 0 1 0 0 1 0 0 1 0 0 1 1 1 0 0 0 
1 0 1 1 1 0 1 1 1 1 0 0 1 0 1 1 1 
1 0 1 1 0 0 1 1 1 0 0 1 1 0 0 1 1 
6 18
1 1 0 1 0 0 
1 1 0 0 1 0 
1 1 1 0 1 1 
1 0 0 0 1 1 
1 1 0 0 1 1 
1 0 0 1 1 1 
1 1 0 0 1 1 
0 1 0 1 1 0 
0 1 0 0 1 1 
1 0 1 1 0 0 
1 0 0 1 1 0 
0 1 1 1 1 0 
0 1 1 1 0 1 
1 0 0 1 0 1 
1 1 1 0 1 1 
0 0 1 0 1 1 
0 0 0 1 1 1 
0 1 0 1 0 0 
19 6
0 0 1 0 1 0 1 0 0 0 0 0 0 1 0 0 0 1 0 
0 0 1 1 0 0 1 0 1 1 0 0 1 1 1 1 0 1 1 
1 1 1 1 1 0 0 0 0 1 1 0 1 1 1 1 0 1 0 
0 0 0 0 1 1 1 0 1 0 0 0 1 1 1 0 1 1 0 
1 1 1 0 1 1 1 0 0 1 0 0 1 0 0 0 1 0 1 
0 1 1 0 1 0 1 0 0 0 0 1 1 1 0 1 1 1 1 
10 18
0 1 0 0 0 0 0 1 0 1 
1 1 1 1 0 1 1 1 0 1 
1 1 1 0 1 0 1 1 1 1 
0 0 0 0 0 0 1 0 0 1 
1 1 1 0 1 1 0 0 0 0 
1 1 1 0 0 0 1 1 1 0 
0 0 0 1 0 0 1 1 0 1 
1 0 1 0 0 0 1 0 0 0 
0 1 1 1 0 1 0 1 1 1 
1 1 1 0 0 0 0 0 1 1 
1 0 1 0 0 1 0 0 0 0 
0 0 0 1 0 0 1 0 1 0 
1 0 1 1 0 0 1 1 0 0 
0 1 1 1 0 1 0 0 1 0 
1 1 1 1 1 1 1 0 1 0 
0 0 0 1 1 1 1 0 0 1 
1 0 1 0 1 1 1 1 1 1 
0 0 0 1 1 1 0 0 1 1 
7 14
1 1 1 1 0 0 1 
0 0 0 0 1 0 1 
0 0 0 1 1 0 0 
1 1 1 1 1 0 0 
0 0 0 0 1 1 1 
1 1 0 1 1 1 1 
0 1 0 0 1 1 0 
0 1 0 0 1 1 1 
0 1 1 1 0 1 1 
1 0 0 1 0 0 0 
1 1 0 0 1 0 0 
0 1 0 1 1 0 1 
0 0 0 0 1 1 1 
1 1 0 1 1 0 0 
16 20
0 1 0 0 1 1 1 1 0 0 0 1 1 0 0 1 
0 0 0 0 1 1 1 0 0 0 0 0 0 1 1 1 
0 0 1 1 1 0 1 1 1 1 0 0 1 0 0 0 
0 0 0 0 1 1 0 1 0 0 0 0 0 1 1 0 
1 1 0 1 1 1 0 0 0 1 1 1 1 1 1 0 
1 1 0 0 1 0 0 1 1 0 1 1 1 1 1 1 
0 1 0 1 0 0 0 0 1 1 0 1 0 1 1 1 
1 1 1 0 1 1 1 0 1 0 1 1 1 1 0 1 
0 0 1 1 0 1 1 0 0 1 1 0 1 0 1 0 
1 0 0 0 0 1 1 1 1 0 0 1 1 0 0 0 
0 1 1 1 0 0 1 0 0 0 0 1 0 1 1 1 
0 1 1 0 0 0 1 1 1 0 0 0 0 1 0 1 
0 1 0 1 0 1 1 0 1 0 1 1 1 0 0 1 
1 1 1 1 0 1 0 1 1 1 1 1 0 0 0 0 
1 0 1 1 1 1 1 0 1 0 1 0 0 1 0 1 
1 1 0 1 0 1 0 1 0 1 1 0 1 1 0 1 
0 0 0 1 1 0 0 0 0 1 0 1 1 0 0 0 
0 1 1 0 0 1 0 0 0 1 0 0 0 0 1 0 
0 1 0 1 1 0 1 0 1 0 1 0 0 1 0 0 
0 1 1 0 0 1 0 1 0 0 1 0 1 0 1 1 
12 12
1 1 1 0 1 0 0 0 1 1 1 1 
1 0 1 0 0 1 1 1 0 1 1 1 
0 0 1 1 0 1 0 1 0 1 1 1 
1 0 1 0 1 0 0 0 0 1 1 1 
0 0 0 1 0 1 0 0 0 0 1 0 
1 1 1 1 0 0 0 1 0 1 0 1 
1 0 0 0 1 1 1 1 1 1 0 1 
0 1 1 0 1 0 0 0 1 1 1 1 
0 1 1 0 0 1 0 1 1 0 1 0 
1 0 1 0 1 0 0 0 1 1 0 0 
0 1 0 1 0 1 1 0 0 0 1 0 
1 1 1 0 1 1 0 0 1 1 0 1 
2 11
1 0 
0 1 
0 0 
0 0 
1 1 
1 0 
1 1 
0 0 
1 1 
1 1 
1 0 
3 10
0 1 1 
1 0 0 
1 1 1 
1 1 1 
1 1 0 
1 0 1 
1 0 1 
0 0 0 
1 0 1 
1 0 1 
15 6
1 1 0 1 0 1 1 1 1 0 0 0 1 0 1 
0 0 1 0 1 1 0 1 0 0 1 1 1 0 0 
0 1 1 0 1 1 1 0 0 0 0 1 1 1 1 
0 1 1 1 1 0 0 0 0 1 0 1 0 1 1 
0 1 1 0 1 0 1 1 0 0 1 0 1 0 1 
0 1 1 0 0 0 0 1 0 0 0 1 1 0 0 
4 10
0 0 1 1 
0 0 0 0 
0 0 0 1 
0 1 0 1 
0 0 0 1 
0 1 1 1 
1 0 0 1 
1 1 0 1 
1 1 0 1 
0 1 1 0 
14 14
0 1 1 0 1 1 0 1 0 0 0 0 1 1 
0 0 0 1 1 1 0 1 0 1 0 0 0 0 
1 1 1 1 0 0 1 1 0 1 0 0 1 0 
0 1 1 1 1 0 0 0 1 1 1 1 0 0 
0 0 0 1 1 1 0 1 0 1 1 0 0 1 
0 1 0 1 0 1 0 1 1 0 0 0 1 1 
0 1 1 0 1 1 1 0 1 1 0 1 0 1 
1 0 0 1 1 0 0 0 0 0 1 1 1 1 
0 0 1 0 0 0 0 1 0 1 0 1 0 0 
0 0 1 1 0 1 0 1 0 1 1 0 1 1 
1 0 0 1 1 1 1 1 0 1 0 0 0 0 
1 0 0 1 0 1 0 0 1 0 0 1 1 1 
1 1 0 0 1 1 0 0 0 1 1 0 1 0 
0 1 0 1 0 1 0 0 0 0 1 1 1 1 
3 9
0 1 1 
1 0 1 
0 0 1 
0 1 1 
1 0 1 
1 0 1 
1 0 0 
1 0 1 
0 1 0 
4 5
1 1 1 0 
1 0 0 0 
0 0 1 0 
0 0 1 0 
1 1 0 1 
13 15
1 1 1 0 1 0 1 0 1 0 0 0 0 
1 0 1 1 0 1 0 0 1 1 0 0 0 
1 0 1 1 1 1 0 0 1 0 0 0 0 
1 0 0 1 1 1 1 0 0 1 1 1 0 
1 0 0 1 0 1 1 0 0 0 1 0 0 
0 0 1 1 1 0 1 1 0 0 1 1 0 
1 1 0 0 1 1 0 1 0 1 0 1 1 
0 0 0 0 0 0 1 1 1 0 0 1 1 
0 1 0 1 0 0 0 0 0 1 1 1 0 
1 0 0 0 1 0 0 1 1 1 1 0 0 
1 0 0 0 1 0 1 0 0 1 0 0 1 
0 0 0 1 0 1 1 1 0 0 1 0 1 
0 1 1 0 0 0 0 0 0 0 1 1 0 
1 1 0 1 0 0 1 1 0 0 0 1 1 
0 0 0 1 1 1 0 0 1 0 0 0 1 
11 5
0 0 0 1 1 0 0 1 0 0 0 
0 0 1 0 1 1 0 1 0 1 0 
1 0 0 1 0 0 0 1 0 0 1 
0 1 0 0 0 1 0 0 0 1 0 
1 1 1 0 1 0 1 0 1 0 0 
14 10
1 1 0 0 1 0 1 1 0 1 1 0 0 1 
0 0 0 0 1 1 1 0 0 1 1 1 0 1 
1 1 0 0 0 0 0 1 1 1 0 1 0 1 
1 1 1 1 1 1 1 1 1 0 1 1 1 0 
0 0 1 0 1 1 0 0 0 1 1 1 0 0 
0 1 1 1 0 0 0 1 0 1 0 1 1 1 
0 0 1 1 0 0 1 0 0 1 0 0 0 1 
1 1 1 1 0 1 0 0 1 0 1 1 1 0 
0 0 1 1 0 1 0 1 1 1 1 1 0 1 
1 1 0 0 0 0 1 0 1 1 0 0 1 1 
7 3
1 0 0 1 1 1 0 
1 0 1 0 1 1 1 
0 0 0 0 1 0 0 
5 11
1 0 0 0 1 
1 0 0 1 0 
0 0 0 1 0 
1 1 1 0 0 
0 1 0 1 1 
1 0 1 1 0 
1 1 0 1 1 
0 0 1 0 1 
1 0 1 1 0 
1 1 1 1 1 
0 1 0 0 0 
18 6
0 0 1 1 1 0 1 0 1 1 0 0 1 0 1 0 1 1 
0 1 0 1 0 1 1 1 1 0 0 0 1 0 0 0 1 1 
0 1 1 1 0 1 1 0 1 1 0 1 0 0 0 0 1 0 
1 1 1 0 1 1 0 0 0 0 1 1 1 1 0 0 1 1 
1 0 1 1 1 1 0 1 1 0 1 0 0 0 1 1 0 0 
1 0 1 1 0 0 0 1 1 1 1 0 0 1 1 1 0 0 
11 19
0 1 0 1 1 0 0 1 1 0 1 
0 1 0 1 1 0 0 1 0 1 0 
0 1 1 1 0 1 0 0 1 0 1 
1 1 0 1 1 1 1 0 1 1 1 
1 1 0 0 1 1 0 0 0 0 1 
1 0 1 1 0 1 0 0 0 0 1 
0 1 1 0 0 1 1 0 0 0 1 
0 0 0 0 0 0 0 1 1 1 1 
0 0 1 1 1 1 1 1 0 1 0 
1 1 1 0 0 1 0 1 0 1 1 
0 1 0 0 1 1 1 0 0 1 1 
1 0 0 0 1 1 0 0 1 0 0 
0 0 0 1 1 1 1 0 1 1 1 
1 1 0 0 0 0 0 1 1 1 1 
1 1 0 0 1 1 0 1 1 0 0 
1 0 1 1 1 1 0 1 0 1 0 
0 1 1 0 1 0 0 0 0 1 1 
0 0 0 1 0 0 0 0 0 0 0 
1 1 0 0 1 1 0 0 1 0 1 
11 7
0 1 0 0 1 0 1 1 0 1 1 
0 1 1 0 1 1 1 0 0 1 0 
1 0 0 1 1 0 0 0 1 0 1 
1 0 0 1 1 1 1 1 0 1 0 
0 0 0 1 1 0 0 0 1 1 0 
1 1 1 0 1 1 1 0 0 0 0 
0 0 0 0 1 1 0 1 1 0 1 
18 7
0 0 0 0 1 1 0 0 0 1 0 0 1 1 0 1 0 0 
0 0 0 0 1 1 0 0 1 1 1 0 1 1 0 1 1 1 
0 1 0 1 1 0 1 0 0 1 1 0 1 1 0 0 1 1 
1 0 0 0 1 1 1 0 1 1 1 0 1 1 0 1 0 1 
1 1 1 1 0 0 1 0 0 1 0 1 1 1 1 1 0 0 
0 1 0 1 0 1 0 1 1 0 0 1 1 0 1 0 1 1 
0 1 1 0 0 1 0 1 1 1 0 1 0 1 0 0 0 0 
19 19
0 1 0 0 0 1 0 1 1 0 1 0 1 0 0 1 0 0 1 
1 0 1 0 0 0 0 0 1 0 0 1 0 1 0 1 0 1 1 
1 1 1 0 1 0 1 1 0 1 0 1 0 0 0 0 0 1 0 
0 0 0 1 1 1 0 1 0 0 1 1 0 0 1 0 1 1 1 
0 1 0 0 0 0 0 1 0 0 0 0 1 0 1 0 1 0 0 
1 0 1 0 1 1 0 0 1 1 0 1 1 1 1 0 0 0 0 
1 0 1 1 1 0 1 0 0 0 0 0 1 0 1 1 1 0 1 
0 0 0 0 1 0 1 0 0 1 0 0 0 1 1 1 0 1 0 
0 1 1 0 0 0 0 1 0 1 0 1 1 0 0 1 1 0 1 
1 0 0 0 0 1 1 0 0 1 1 1 1 1 0 1 1 0 1 
0 0 0 0 0 0 0 0 1 1 0 0 1 0 1 1 0 0 0 
0 0 1 0 1 0 1 1 1 0 0 0 0 0 0 1 0 0 1 
0 0 1 0 0 0 0 1 1 1 1 1 1 0 0 1 1 0 0 
1 1 0 1 1 1 1 1 0 0 0 1 0 0 0 1 0 0 1 
0 1 0 1 0 0 1 0 1 1 0 0 0 1 0 1 0 1 0 
0 1 0 0 1 1 0 1 0 0 0 1 0 1 0 0 0 0 1 
0 1 0 1 1 0 0 0 1 1 1 0 1 1 0 1 0 1 1 
1 1 1 1 1 0 1 1 0 1 1 1 1 0 0 0 0 0 1 
0 0 0 1 0 1 0 0 0 0 0 1 0 1 0 1 0 0 0 
16 1
1 0 0 1 1 0 1 1 0 0 1 0 0 0 0 1 
4 20
1 1 1 0 
1 0 1 1 
1 1 1 0 
0 1 1 0 
0 0 0 1 
1 0 0 0 
1 0 0 1 
0 1 0 1 
1 1 0 0 
0 1 1 1 
0 1 1 0 
0 0 0 0 
0 0 1 1 
1 1 1 0 
0 0 1 0 
1 0 1 0 
1 1 1 1 
0 0 0 1 
1 0 1 1 
0 0 1 1 
5 18
0 1 0 0 1 
0 0 1 0 1 
1 0 0 0 1 
1 0 0 1 0 
1 1 0 0 0 
1 0 0 0 1 
1 0 0 1 0 
0 0 0 1 0 
0 0 0 0 0 
0 1 0 0 0 
1 1 1 1 1 
0 0 0 0 0 
1 1 1 1 0 
1 1 0 0 0 
1 0 0 1 0 
1 1 1 1 1 
1 0 0 1 0 
0 1 0 0 1 
6 6
0 0 0 0 1 0 
1 1 0 0 1 1 
1 1 0 1 0 1 
0 0 0 1 1 0 
1 0 0 1 1 1 
0 1 1 0 1 1 
13 17
0 1 0 0 0 0 1 0 1 0 1 1 0 
1 0 1 1 1 1 0 0 0 1 0 1 1 
1 0 0 1 1 0 0 1 0 0 1 0 0 
0 0 0 0 0 1 0 1 1 0 0 1 0 
0 0 1 1 1 0 1 1 1 0 0 0 0 
0 0 1 0 1 0 0 1 0 0 0 0 1 
1 0 1 0 1 1 1 0 0 0 0 0 0 
1 0 0 1 0 0 0 0 1 1 0 1 0 
0 0 0 0 1 0 1 1 0 0 0 1 0 
1 0 0 1 0 1 1 0 1 0 0 1 0 
1 0 0 1 0 0 1 0 0 0 0 1 1 
1 1 0 0 1 1 0 1 0 0 1 1 0 
0 1 1 1 1 0 1 1 1 1 1 0 1 
0 1 0 1 0 1 1 0 1 0 1 0 0 
1 0 1 1 1 1 0 0 0 0 0 1 1 
0 0 1 0 1 1 1 1 0 0 0 1 0 
0 0 0 0 0 1 0 1 0 1 0 1 1 
5 8
0 1 0 0 1 
1 0 0 0 0 
0 1 0 0 0 
0 0 0 0 0 
0 0 1 1 0 
0 1 1 0 1 
0 0 0 1 0 
1 0 0 0 1 
7 15
0 0 0 0 1 1 1 
1 1 1 1 0 1 0 
1 0 1 1 0 0 1 
0 1 1 0 1 1 0 
0 0 0 0 0 0 1 
1 1 0 1 1 1 0 
1 0 0 0 1 0 1 
1 0 0 1 1 1 1 
0 1 1 1 1 1 1 
1 0 0 1 1 0 0 
0 0 0 0 0 1 0 
1 1 0 0 1 0 0 
0 0 1 0 1 1 1 
0 0 1 1 0 1 0 
0 0 0 0 0 1 0 
15 1
1 0 1 1 0 0 1 0 0 1 0 0 0 1 0 
13 12
1 0 0 0 0 0 0 1 0 0 0 1 1 
0 0 1 1 1 1 1 0 0 1 0 0 1 
0 1 1 1 0 0 1 0 1 1 0 1 0 
1 0 0 0 1 0 0 0 1 1 1 0 1 
1 1 1 1 1 0 0 0 1 1 1 0 1 
0 1 0 1 0 1 1 0 1 0 1 1 0 
0 0 0 1 1 1 0 1 1 1 1 1 0 
0 0 1 0 0 1 1 0 0 1 1 0 0 
0 0 1 1 1 1 1 1 0 0 0 1 1 
1 0 0 1 0 0 1 1 0 1 0 0 1 
1 1 0 1 1 0 1 0 1 0 0 0 1 
0 1 0 1 0 1 0 1 0 0 1 0 0 
13 6
0 0 1 1 1 1 0 1 0 0 1 1 0 
1 0 0 0 1 0 1 1 1 1 0 0 0 
0 0 0 0 1 0 0 0 0 1 0 0 0 
0 0 0 1 1 1 1 1 1 0 1 1 0 
0 0 0 0 0 0 0 0 0 0 1 0 0 
1 0 0 1 0 0 0 0 0 1 0 1 0 
20 1
1 0 0 1 1 0 0 1 1 0 0 1 0 1 0 1 0 0 1 1 
1 5
1 
1 
0 
0 
1 
10 13
0 1 1 1 1 1 0 0 1 1 
1 1 1 0 0 0 0 1 0 0 
0 0 1 0 1 0 0 0 1 0 
0 1 1 0 0 1 1 0 1 0 
0 0 1 1 0 1 0 1 0 0 
1 1 0 0 1 0 0 0 0 1 
0 0 1 1 0 1 0 1 0 1 
1 0 1 1 1 0 0 1 1 1 
0 0 0 0 1 1 0 1 1 0 
1 1 1 0 1 1 1 1 1 1 
1 0 1 0 1 1 0 0 0 1 
1 0 0 1 1 1 0 1 0 0 
0 1 1 1 1 0 0 1 0 1 
7 6
0 0 1 1 1 0 1 
1 1 0 0 1 1 1 
0 0 0 1 0 0 0 
1 1 0 0 0 1 0 
1 1 1 1 1 0 1 
0 0 0 0 0 1 0 
6 5
1 0 0 1 1 0 
0 1 0 1 1 0 
1 0 0 1 0 1 
0 1 1 1 0 0 
0 0 0 1 0 1 
2 16
1 0 
0 0 
0 0 
0 0 
0 1 
0 1 
0 0 
0 0 
1 1 
1 1 
0 1 
1 0 
1 1 
1 1 
0 1 
0 0 
20 4
0 1 1 0 0 1 0 0 1 0 1 1 0 0 0 1 1 1 1 0 
1 0 1 1 0 0 0 0 0 1 1 0 0 1 1 0 0 1 1 1 
1 0 1 1 0 1 0 0 0 1 0 0 0 0 1 0 0 1 0 0 
0 0 0 0 1 1 1 1 0 0 1 1 0 0 0 0 1 1 0 0 
9 6
0 0 1 1 0 1 0 1 1 
0 1 1 0 0 1 1 1 1 
1 0 1 1 0 1 0 0 0 
0 0 1 1 0 1 0 1 0 
1 1 1 0 1 0 0 1 0 
1 1 1 0 0 0 1 0 0 
12 7
0 1 0 0 0 0 0 0 0 1 0 0 
0 1 0 1 1 0 1 1 1 0 0 0 
0 0 1 0 1 0 0 1 0 1 0 0 
1 0 0 1 0 0 1 0 1 0 0 0 
0 1 1 0 1 0 0 1 0 1 0 1 
0 0 1 0 1 1 0 0 1 1 0 1 
1 1 0 1 1 0 1 0 1 1 0 0 
4 17
1 1 1 1 
1 1 0 0 
1 1 1 0 
0 0 1 0 
0 0 1 0 
1 1 0 1 
1 1 0 1 
1 1 1 0 
0 0 0 1 
0 0 1 1 
1 0 1 1 
1 0 1 1 
1 1 1 0 
0 1 1 1 
0 1 0 1 
0 1 1 1 
1 1 0 1 
8 19
1 1 0 0 0 1 1 0 
0 0 1 1 0 1 0 0 
0 0 1 0 1 0 1 1 
1 0 0 1 0 0 1 1 
1 0 1 1 1 0 1 0 
0 0 1 1 1 0 1 1 
0 0 1 0 0 0 1 1 
1 1 1 1 1 0 0 0 
0 1 0 0 0 1 0 0 
0 1 1 1 1 0 1 0 
1 0 0 1 1 1 1 0 
0 0 1 0 0 1 0 1 
0 0 1 0 0 1 1 0 
0 0 1 0 1 0 0 0 
1 0 1 0 1 0 0 1 
0 1 1 1 0 0 0 0 
0 1 1 0 0 0 0 0 
0 0 0 1 0 0 1 1 
0 1 1 1 1 1 1 0 
7 1
1 0 0 1 1 1 0 
19 8
0 0 0 0 0 0 1 0 0 1 1 0 0 0 1 1 0 1 0 
0 1 1 1 0 1 0 1 0 0 1 0 0 1 0 0 1 0 1 
1 0 1 1 0 1 1 0 0 1 1 1 1 0 0 0 0 1 0 
1 0 0 0 0 0 1 0 1 1 0 0 0 0 1 1 1 0 1 
1 1 0 0 0 0 0 0 0 1 1 1 0 1 1 1 1 0 0 
1 1 1 1 1 0 0 1 1 1 1 0 0 0 1 0 0 1 0 
0 1 1 0 0 0 1 0 1 1 0 1 0 1 1 0 0 1 0 
1 0 1 1 1 1 1 0 1 0 1 1 0 0 1 0 1 1 0 
18 5
1 1 1 1 0 0 1 0 1 1 0 0 0 1 1 1 0 1 
0 0 0 0 1 0 1 1 1 0 1 0 0 0 1 1 0 1 
0 1 0 1 1 0 1 1 1 0 1 1 1 1 0 1 1 1 
0 0 0 1 0 0 0 0 0 1 0 0 1 0 0 1 1 1 
1 1 0 0 1 1 1 1 1 1 0 0 0 0 1 1 0 1 
6 11
0 1 1 0 0 0 
0 0 1 1 1 0 
0 1 0 0 1 0 
1 0 1 1 0 0 
0 1 1 0 1 0 
0 1 1 1 1 1 
0 1 1 1 0 0 
0 1 0 0 1 1 
0 0 1 0 1 1 
0 1 1 1 1 0 
1 1 1 0 1 0 
1 20
1 
1 
0 
1 
0 
0 
0 
0 
1 
1 
1 
1 
1 
0 
1 
1 
1 
1 
0 
0 
19 11
0 1 1 1 0 0 1 0 1 0 1 0 0 1 0 0 1 1 0 
0 1 1 0 0 0 0 0 1 0 0 1 1 0 0 0 0 1 0 
0 0 0 1 0 0 1 1 1 0 0 1 1 1 0 1 0 1 1 
0 0 0 0 1 1 0 1 1 0 0 1 0 1 0 0 1 0 1 
0 1 1 1 0 0 0 1 0 0 0 1 0 0 1 1 1 0 1 
0 0 0 1 1 0 0 1 0 1 0 1 0 1 1 1 0 1 1 
1 1 0 1 1 0 1 0 1 0 1 1 0 1 1 1 0 1 1 
0 0 1 0 1 1 1 0 0 1 0 1 0 1 1 1 0 0 0 
1 1 0 0 0 1 1 1 0 1 1 0 1 1 1 1 0 0 1 
1 0 0 1 1 1 0 1 0 1 1 1 0 0 1 0 1 0 1 
0 1 0 1 1 0 0 0 1 1 0 0 0 0 1 1 1 0 1 
17 9
0 1 1 0 0 1 0 1 1 1 1 0 0 1 1 0 1 
1 1 0 1 0 0 1 1 1 1 1 1 1 1 1 1 1 
0 1 0 0 0 1 0 1 0 0 0 1 0 0 1 1 0 
0 1 1 0 0 0 1 1 1 0 1 1 1 0 1 0 0 
1 0 1 1 0 1 1 0 1 1 0 0 1 1 0 0 0 
0 1 0 1 0 0 0 1 1 1 1 0 0 1 1 0 1 
1 0 0 0 1 1 0 1 1 1 0 0 1 0 0 0 1 
0 1 1 0 0 0 1 0 0 1 1 1 0 0 0 0 1 
1 1 0 1 1 0 0 1 0 1 0 0 0 1 0 1 0 
1 14
0 
0 
1 
0 
1 
1 
1 
1 
1 
0 
0 
0 
1 
1 
16 15
0 1 0 0 1 1 0 1 1 1 0 0 1 0 0 1 
0 1 1 0 0 0 1 0 0 1 0 1 1 1 1 1 
0 1 1 1 1 1 1 0 0 1 1 1 1 1 0 0 
0 1 0 1 0 1 1 0 1 1 0 0 1 1 1 1 
1 1 1 0 0 0 0 1 1 1 0 0 0 1 0 1 
0 0 0 0 0 1 1 1 0 1 1 1 0 0 1 1 
1 0 1 0 0 0 1 1 1 1 1 0 0 0 1 1 
0 1 1 0 0 0 1 0 1 0 0 0 1 1 1 0 
1 1 0 1 1 1 0 0 1 1 0 1 1 1 0 0 
0 0 0 0 0 0 1 0 0 1 0 1 0 1 0 1 
0 0 0 1 0 0 0 1 1 0 0 1 0 1 1 0 
1 1 1 1 1 0 1 0 1 1 1 1 1 1 0 1 
0 0 1 0 0 1 1 1 1 1 0 1 0 1 0 1 
1 1 1 0 1 0 0 0 0 0 1 1 1 1 0 1 
1 1 1 1 0 0 0 0 0 1 1 0 0 1 0 1 
5 6
0 1 1 0 1 
1 0 0 0 0 
1 1 1 0 0 
1 1 1 1 0 
1 1 1 0 0 
1 0 0 1 0 
20 12
0 0 1 1 0 0 0 0 0 1 1 1 0 0 0 1 1 0 1 0 
1 0 0 1 0 0 1 1 1 0 0 1 1 1 0 1 1 0 1 1 
0 1 1 0 1 1 1 0 1 1 0 1 1 0 0 1 1 0 0 0 
0 0 1 1 0 1 0 1 0 0 1 0 1 0 0 0 1 1 0 1 
0 0 0 0 0 0 1 1 0 0 1 1 0 0 0 0 0 1 0 0 
1 1 0 0 1 0 0 0 1 0 1 0 0 1 0 0 0 1 0 0 
1 1 1 0 0 0 0 0 1 0 0 0 1 0 0 0 0 0 1 1 
0 0 1 0 0 1 0 0 1 0 0 0 0 0 0 0 0 1 0 1 
1 0 1 1 0 1 1 0 1 0 1 1 1 1 1 1 0 1 1 1 
0 1 0 0 1 0 0 1 1 0 0 1 0 1 0 0 0 1 0 1 
0 1 0 1 0 1 0 1 1 1 0 1 0 0 1 0 1 1 1 0 
1 0 1 1 1 1 1 0 1 1 1 1 0 0 0 1 1 0 0 0 
12 19
1 1 1 0 1 0 1 1 0 0 1 0 
1 0 1 0 0 0 1 0 1 0 0 1 
1 1 1 1 0 0 1 1 0 0 0 1 
0 1 0 1 0 1 1 1 0 0 0 0 
1 1 0 0 1 0 0 0 0 1 1 0 
0 1 1 0 1 1 1 0 1 0 1 1 
1 0 0 1 0 0 0 1 0 0 0 1 
1 0 0 1 1 1 1 1 0 0 1 0 
0 1 0 1 1 1 0 0 1 0 0 1 
1 0 1 1 0 1 0 1 1 0 0 0 
0 1 0 0 0 1 0 0 0 0 1 1 
1 1 0 0 1 0 0 0 0 1 1 0 
0 0 0 1 0 0 1 0 0 1 1 0 
1 1 0 1 0 1 1 1 0 1 0 1 
1 0 0 1 1 1 1 1 1 1 0 0 
0 1 0 0 1 1 0 0 1 0 1 1 
1 0 0 1 1 0 0 0 0 0 1 1 
0 1 0 1 0 0 1 0 0 0 0 1 
1 0 1 0 0 0 1 1 1 0 0 0 
5 10
1 1 1 0 0 
1 1 1 1 0 
1 0 0 1 0 
1 0 0 1 1 
0 0 0 0 1 
1 0 0 1 0 
1 0 1 0 1 
0 0 0 1 1 
0 0 1 1 0 
0 0 0 0 1 
